public/ISAM/salinity_asc/salinity-2024-07-20T00-00-00.asc
ncols         120
nrows         120
xllcorner     110.0
yllcorner     3.0
cellsize      0.25
NODATA_value  0.0
[rows 52 to 77 of 120, columns 0 to 59 of 120]
32.617718 -0.009039 -0.001934 0.005469 33.009064 33.423447 33.604549 33.641876 33.519852 33.568878 33.620049 33.604443 33.578899 33.530556 33.489853 33.605976 33.648884 33.363838 33.314186 33.657909 33.889977 33.905979 33.777519 33.758652 33.832413 33.870476 33.836243 33.786304 33.797783 33.811031 33.873787 33.876343 33.873032 33.847301 33.825962 33.834080 33.906734 33.978416 33.932636 33.789402 33.804703 33.808548 33.764896 33.777138 33.887306 33.995621 34.254662 34.324074 34.264397 34.462761 34.532326 34.447563 34.523403 34.528507 34.411083 34.337463 34.386688 34.410461 34.416744 34.392555
-0.001367 -0.008624 0.012748 0.024133 33.129662 33.411259 33.651543 33.548622 33.478989 33.585739 33.680550 33.683113 33.707581 33.653519 33.638020 33.718071 33.695107 33.492813 33.584045 33.856304 33.950005 33.912567 33.804489 33.818542 33.891155 33.928619 33.900574 33.829288 33.789913 33.780071 33.796932 33.797802 33.792221 33.794044 33.813038 33.865051 33.916573 33.879353 33.745342 33.677357 33.822731 33.903530 33.839043 33.767761 33.805580 33.929482 34.099056 34.140022 34.136650 34.464809 34.539780 34.433296 34.487000 34.542789 34.454098 34.364365 34.372883 34.411766 34.459404 34.434700
-0.022572 -0.004548 0.004851 0.009048 33.328762 33.454777 33.572254 33.517746 33.479515 33.570889 33.617844 33.625916 33.702225 33.674149 33.657997 33.698959 33.615562 33.487724 33.628670 33.812309 33.847000 33.796272 33.760067 33.783875 33.847267 33.856567 33.863083 33.836906 33.822021 33.800182 33.800133 33.793884 33.800064 33.806404 33.881779 33.919575 33.829517 33.688354 33.722839 33.824680 33.926941 33.932213 33.869568 33.792561 33.848782 33.963039 34.101196 34.056889 34.076122 34.426556 34.521065 34.402443 34.460148 34.527096 34.500137 34.411606 34.387527 34.407425 34.455070 34.401016
-0.008157 0.000616 0.004437 33.476952 33.404762 33.514542 33.563560 33.576790 33.540634 33.549049 33.474091 33.550835 33.665817 33.675343 33.660511 33.731262 33.683460 33.621716 33.668602 33.753418 33.752869 33.778172 33.769501 33.793777 33.797901 33.777176 33.772663 33.782330 33.803856 33.812893 33.848480 33.886738 33.881363 33.890774 33.938690 33.934082 33.665630 33.667549 33.956474 34.042770 33.967358 33.848198 33.758308 33.748901 33.873379 34.017162 34.064293 33.899906 33.964947 34.367798 34.493103 34.404633 34.416794 34.510536 34.539227 34.485439 34.410858 34.435650 34.489681 34.357140
-0.014218 -0.006356 33.756252 33.416111 33.565708 33.559593 33.521362 33.548649 33.579830 33.523266 33.493145 33.644279 33.770576 33.763268 33.768452 33.825256 33.887383 33.874523 33.893333 33.904243 33.902718 33.896683 33.886726 33.869236 33.861084 33.818039 33.803226 33.807297 33.812363 33.833221 33.861481 33.896801 33.923244 33.915886 33.957722 33.871338 33.563595 33.639103 34.041183 34.082985 33.893635 33.691505 33.683807 33.710808 33.773666 33.865528 33.868530 33.780193 33.864571 34.269222 34.437073 34.389729 34.402252 34.486935 34.538403 34.494728 34.437988 34.482990 34.550423 34.440453
0.012573 0.000476 33.630684 33.426971 33.641842 33.576859 33.486980 33.518223 33.552292 33.559418 33.645275 33.815903 33.897415 33.885696 33.884907 33.932220 33.986473 33.984993 33.969833 33.959053 33.933105 33.927177 33.883717 33.816559 33.783516 33.764938 33.807205 33.846588 33.857491 33.875362 33.882835 33.892120 33.902321 33.905975 33.957146 33.842796 33.550758 33.488171 33.775013 33.823479 33.690525 33.556507 33.577435 33.505264 33.630604 33.759781 33.800587 33.803909 33.930038 34.163071 34.329666 34.329235 34.372494 34.461739 34.512630 34.483665 34.439255 34.509789 34.596615 34.524452
33.747639 33.582718 33.350586 33.326069 33.584000 33.648663 33.507862 33.465954 33.476116 33.565636 33.780441 33.855980 33.839394 33.806122 33.805206 33.826225 33.889626 33.886284 33.845600 33.826038 33.810417 33.771812 33.717319 33.684238 33.659378 33.623592 33.656807 33.703297 33.780540 33.860565 33.867073 33.860435 33.867260 33.848618 33.863586 33.842915 33.637215 33.425385 33.476681 33.451164 33.395630 33.386337 33.342178 0.004645 -0.001436 -0.013827 33.652519 33.738384 33.952015 34.038761 34.259216 34.312599 34.373737 34.455376 34.517105 34.478313 34.444729 34.501591 34.543358 34.468536
33.456913 33.502117 33.348030 33.388214 33.522686 33.618835 33.610085 33.483334 33.436977 33.519730 33.685158 33.713734 33.675102 33.691055 33.715103 33.723389 33.756363 33.778042 33.770134 33.772110 33.736328 33.727230 33.704117 33.704124 33.680492 33.637390 33.646973 33.649075 33.664352 33.810421 33.863117 33.875889 33.848866 33.828976 33.820763 33.829781 33.740471 33.692081 33.645756 33.509907 33.352497 33.269432 33.307175 -0.005183 -0.006474 -0.010337 -0.012439 -0.011201 -0.005501 0.004507 34.200249 34.341240 34.438416 34.480465 34.512852 34.527126 34.513992 34.561047 34.566360 34.488518
33.438293 33.584366 33.564144 33.583733 33.530159 33.481644 33.560566 33.644848 33.555569 33.517460 33.541080 33.538677 33.568535 33.702778 33.821732 33.776394 33.729801 33.736195 33.758202 33.745781 33.712070 33.677334 33.654095 33.709133 33.725822 33.676189 33.686371 33.661678 33.639923 33.721687 33.817127 33.836861 33.823788 33.804832 33.807392 33.806412 33.735283 33.651371 33.650505 33.590633 33.441307 33.297459 33.271847 -0.002366 -0.001603 0.007439 0.005994 -0.006364 -0.002480 34.136242 34.137783 34.269344 34.445160 34.455971 34.470005 34.501022 34.554779 34.611164 34.616150 34.571400
33.553413 33.536167 33.555069 33.476635 33.316486 33.209091 33.279179 33.443897 33.619251 33.618210 33.582657 33.593079 33.665886 33.770462 33.830353 33.747368 33.637566 33.676422 33.727692 33.695766 33.627373 33.594322 33.522648 33.598686 33.635845 33.555580 33.591503 33.646286 33.638668 33.699749 33.767418 33.768517 33.758846 33.771378 33.782703 33.704704 33.535740 33.350700 33.317482 33.314278 33.312084 33.179363 0.005340 0.002768 0.002854 -0.000883 -0.001622 -0.003676 -0.002693 34.136738 34.110611 34.229950 34.341034 34.387390 34.412308 34.466759 34.516708 34.580761 34.570896 34.506844
33.590237 33.503487 33.376507 33.188869 33.078339 33.015404 33.034447 33.148792 33.344784 33.439114 33.528534 33.596039 33.610634 33.596092 33.641171 33.602520 33.543015 33.602753 33.684341 33.648636 33.615990 33.593830 33.480831 33.494690 33.550423 33.409851 33.399643 33.533482 33.632751 33.717152 33.744606 33.718224 33.713211 33.733753 33.713806 33.509773 33.260231 33.233173 33.291542 33.333328 33.318680 33.068436 -0.001692 -0.001539 -0.001859 0.001017 0.000058 -0.007984 -0.000738 34.055042 34.073074 34.205143 34.263374 34.353584 34.408009 34.446705 34.474968 34.499401 34.453495 34.371323
33.497978 33.279446 33.064323 32.988693 33.074951 33.146294 33.200447 33.252472 33.301311 33.292583 33.321602 33.416656 33.421585 33.465740 33.547821 33.603531 33.569912 33.601856 33.641544 33.592674 33.592464 33.590927 33.461235 33.418896 33.518860 33.419529 33.389450 33.475792 33.490620 33.560032 33.572849 33.532230 33.557991 33.641167 33.497311 33.131744 33.105225 33.364868 33.446663 33.450233 33.370224 33.133301 0.006080 -0.001937 -0.000274 -0.001367 -0.002090 -0.006324 -0.005026 0.004674 34.037849 34.201656 34.284691 34.331341 34.428272 34.478779 34.480770 34.457119 34.430481 34.455029
33.187363 33.113754 33.098000 33.149796 33.235275 33.257759 33.308090 33.420982 33.475006 33.435486 33.453995 33.503395 33.521702 33.548706 33.619770 33.648239 33.611298 33.577919 33.578316 33.503788 33.509163 33.483425 33.399227 33.347950 33.390503 33.410271 33.476688 33.539154 33.473999 33.443802 33.415367 33.380920 33.483200 33.487885 33.191013 32.942871 33.109894 33.363853 33.380703 33.370140 33.326584 33.105400 0.006779 -0.001531 -0.001525 -0.002211 -0.002968 -0.028209 -0.003473 0.004201 34.072769 34.188766 34.312225 34.265385 34.358932 34.470306 34.528408 34.503868 34.501053 34.520428
33.206314 33.233479 33.260006 33.283821 33.312286 33.226784 33.259171 33.398949 33.477592 33.484257 33.475746 33.485069 33.510292 33.522758 33.554024 33.571152 33.567375 33.564980 33.525719 33.439499 33.423973 33.386398 33.325279 33.278965 33.242504 33.220993 33.334354 33.466705 33.425468 33.418491 33.368477 33.302132 33.400684 33.350368 33.064899 32.871075 32.946308 33.146435 33.168888 33.213581 33.193932 33.157375 0.009035 -0.003549 -0.001940 -0.004477 -0.005395 -0.007969 -0.004192 -0.008073 34.041924 34.108025 34.291534 34.259415 34.223091 34.385201 34.503498 34.533840 34.502125 34.460197
33.350746 33.388512 33.377075 33.299873 33.221756 33.228561 33.345711 33.409081 33.454441 33.417702 33.440060 33.454987 33.470589 33.475937 33.519722 33.565853 33.594818 33.582138 33.483173 33.428013 33.436947 33.410789 33.368393 33.332359 33.284237 33.202091 33.267395 33.414616 33.485550 33.499050 33.381790 33.327496 33.424206 33.400444 33.243420 33.106628 33.028473 32.987373 32.966587 33.181915 33.165092 33.235500 0.005063 -0.003243 -0.001019 -0.013062 -0.006901 -0.008491 -0.011801 34.232719 33.880005 33.890198 34.236938 34.244545 34.196663 34.280048 34.365547 34.413765 34.406036 34.354813
33.290356 33.337097 33.334343 33.258530 33.322906 33.402748 33.451244 33.485004 33.513439 33.524418 33.563763 33.624344 33.618267 33.602737 33.627579 33.643517 33.577305 33.482002 33.399895 33.337101 33.379250 33.357895 33.356289 33.396778 33.410339 33.322968 33.307709 33.424892 33.519161 33.509586 33.343788 33.334991 33.457260 33.434517 33.309006 33.220558 33.149761 33.095745 33.073280 33.000504 33.128635 33.112774 0.009613 -0.003958 -0.001523 -0.006023 -0.001730 -0.020275 -0.009786 34.055149 33.870998 33.807560 34.133881 34.209621 34.164871 34.208935 34.295471 34.358097 34.358017 34.302341
33.253567 33.325050 33.345909 33.334602 33.415291 33.488338 33.525166 33.527611 33.569019 33.588902 33.611668 33.590210 33.532040 33.531013 33.557148 33.504780 33.467567 33.429314 33.376816 33.284405 33.285278 33.288078 33.317856 33.393539 33.481361 33.446690 33.373291 33.424767 33.523712 33.480385 33.322262 33.327724 33.462254 33.395226 33.219212 33.203243 33.191902 33.217522 33.232201 32.871685 -0.014277 32.990639 0.015771 0.001035 -0.009886 -0.001502 -0.006616 34.059189 34.078838 33.975231 33.771584 33.804771 34.081863 34.192123 34.180603 34.237007 34.322823 34.383968 34.400692 34.354927
33.338177 33.380424 33.445488 33.443874 33.474075 33.524529 33.523186 33.537193 33.515327 33.453300 33.400085 33.330429 33.265430 33.271057 33.306702 33.343239 33.397011 33.406967 33.417492 33.354668 33.326309 33.352772 33.391956 33.471687 33.533768 33.530685 33.463112 33.460293 33.546505 33.524151 33.388493 33.384563 33.499222 33.450531 33.277107 33.274406 33.296280 33.320641 33.380375 33.028122 0.002982 -0.006789 0.008797 0.004264 -0.003512 -0.005391 -0.010480 34.128574 34.062103 34.044418 33.874157 33.920944 34.092541 34.196999 34.206116 34.274624 34.354553 34.412262 34.411682 34.381142
33.315914 33.406761 33.485065 33.477364 33.460213 33.467915 33.496208 33.497299 33.476444 33.358017 33.355072 33.343960 33.318348 33.334740 33.356495 33.365067 33.391167 33.430828 33.418934 33.366455 33.384327 33.453575 33.548607 33.602634 33.611969 33.574318 33.535782 33.522324 33.582455 33.561722 33.460266 33.450134 33.525269 33.468414 33.372952 33.395260 33.336075 33.346199 33.342510 33.108315 0.006014 0.010227 0.005320 -0.004434 -0.001779 -0.004819 34.030350 34.095184 34.034210 33.989960 33.935638 34.016838 34.168125 34.228203 34.235420 34.281078 34.385818 34.421768 34.414837 34.389202
33.360107 33.412373 33.498608 33.477135 33.440884 33.430752 33.474228 33.441528 33.381950 33.347946 33.415817 33.475914 33.493282 33.501530 33.485928 33.460308 33.446400 33.428886 33.371128 33.343597 33.361359 33.460960 33.603970 33.654804 33.651489 33.628456 33.601105 33.588810 33.635033 33.608994 33.472328 33.424389 33.465858 33.448895 33.415417 33.341152 33.323753 33.291946 33.273804 33.161797 32.854069 0.009407 -0.001330 -0.003980 -0.002074 -0.003569 33.961121 34.017185 33.938553 33.848282 33.950813 34.000431 34.211761 34.238834 34.249905 34.281773 34.356346 34.404579 34.405334 34.391613
33.349503 33.410477 33.493961 33.488739 33.428513 33.421982 33.416771 33.345356 33.216591 33.196449 33.235077 33.298244 33.338539 33.420227 33.492611 33.480721 33.467407 33.462517 33.432976 33.384098 33.351540 33.405434 33.544575 33.670574 33.682484 33.655952 33.627159 33.603752 33.665291 33.631218 33.480244 33.423752 33.443325 33.456310 33.462021 33.429996 33.390488 33.333580 33.303459 33.252499 32.871731 0.013196 0.013589 -0.013867 0.005400 0.001163 -0.002439 33.944748 -0.003204 33.972214 33.858624 33.958511 34.176727 34.208878 34.214260 34.296547 34.297737 34.319153 34.349552 34.354965
33.397522 33.422192 33.471130 33.447178 33.409374 33.314709 33.216938 33.174477 33.152302 33.155983 33.141655 33.097515 33.075825 33.296318 33.426586 33.488136 33.503746 33.491379 33.486202 33.469669 33.425026 33.421452 33.475094 33.645172 33.718063 33.712875 33.656563 33.601913 33.634350 33.596237 33.440357 33.419983 33.465229 33.519558 33.546940 33.471855 33.413383 33.421326 33.387722 33.269276 33.070045 32.924751 0.016431 31.921383 0.011845 -0.003043 0.009106 33.863029 0.004020 0.012536 33.920925 34.065201 34.098606 34.183907 34.160313 34.258751 34.291550 34.273701 34.304722 34.317696
33.370148 33.394012 33.443420 33.383991 33.322556 33.209625 33.180920 33.130882 33.156784 33.214611 33.333221 33.304996 33.197914 33.255043 33.441460 33.448349 33.400661 33.358696 33.324898 33.316650 33.382385 33.444016 33.428696 33.498817 33.673267 33.777725 33.737686 33.679443 33.657249 33.585217 33.484627 33.477219 33.534241 33.524681 33.491039 33.406498 33.418774 33.409386 33.351349 33.267513 33.233322 33.001541 -0.008532 32.731880 0.004296 -0.010423 -0.001422 33.816059 33.890026 33.923779 34.036942 34.096703 34.218071 34.191486 34.102345 34.177593 34.256542 34.258755 34.292458 34.306763
33.297173 33.352943 33.391003 33.324989 33.210163 33.196732 33.208145 33.097851 33.055679 33.273045 33.404919 33.359940 33.241081 33.282585 33.478931 33.347950 33.215981 33.191143 33.166107 33.123573 33.166958 33.298176 33.394032 33.437164 33.498596 33.623219 33.700672 33.691936 33.700996 33.640160 33.601036 33.559566 33.546505 33.464401 33.387081 33.321152 33.388676 33.385727 33.297653 33.280228 33.180019 33.120762 33.145741 0.002274 0.001690 0.011632 -0.004581 33.622314 33.681416 33.861023 0.002895 -0.003324 34.161346 34.261086 34.187424 34.224216 34.122986 34.153667 34.221779 34.229172
33.273258 33.324860 33.365837 33.276260 33.071388 33.172379 33.186604 32.986862 33.117455 33.187229 33.250839 33.216667 33.118359 33.259930 33.417313 33.345478 33.247040 33.283615 33.254265 33.129990 33.138947 33.224525 33.283554 33.407734 33.418152 33.452793 33.450020 33.443260 33.494755 33.526844 33.542427 33.498596 33.406448 33.336441 33.360794 33.396210 33.443443 33.394699 33.293644 33.265396 33.137550 33.262665 33.177864 -0.003136 -0.003562 0.000126 -0.015766 0.019959 33.380882 0.011656 -0.000592 0.013640 0.021232 34.227585 34.304237 34.220482 34.081039 0.004623 34.180008 34.147778
33.288319 33.318779 33.267708 33.078018 32.967556 33.112843 33.160835 33.186462 33.047958 33.089355 33.211990 33.256260 33.143116 33.249584 33.369095 33.397446 33.295078 33.398285 33.399094 33.213387 33.186905 33.297974 33.302067 33.399960 33.414822 33.428265 33.427422 33.340454 33.337585 33.358742 33.360477 33.304298 33.267185 33.278374 33.329971 33.392326 33.440105 33.413338 33.269699 33.265167 33.314331 0.018257 33.291412 33.324478 0.001605 0.012840 33.712860 33.744720 33.729023 0.001565 0.007239 33.975224 0.014329 34.134003 -0.002806 -0.013219 34.026329 0.002434 34.144421 34.232948
