public/ISAM/salinity_asc/salinity-2024-07-20T00-00-00.asc
ncols         120
nrows         120
xllcorner     110.0
yllcorner     3.0
cellsize      0.25
NODATA_value  0.0
[rows 52 to 77 of 120, columns 60 to 119 of 120]
34.412239 34.529488 34.516899 34.340435 34.224445 34.169529 34.120380 34.131123 34.163929 34.154003 34.235527 34.292137 34.273293 34.186348 34.148960 34.148979 34.076191 33.901203 34.071522 34.334499 34.382195 34.336216 34.388298 34.400318 34.380814 34.319294 34.286987 34.248039 34.259251 34.329105 34.444016 34.518265 34.566338 34.607140 34.583046 34.481316 34.437458 34.432510 34.425209 34.452286 34.514015 34.541157 34.566036 34.553928 34.572937 34.600586 34.657814 34.651230 34.582279 34.452572 34.428734 34.539200 34.585472 34.560951 34.565903 34.578094 34.578392 34.606449 34.527691 34.489639
34.439262 34.515282 34.410797 34.172104 34.083687 34.098892 34.164757 34.234810 34.245956 34.220875 34.302021 34.338520 34.280434 34.159813 34.123821 34.149250 34.096321 33.923622 34.116951 34.394127 34.448044 34.407303 34.486229 34.480213 34.471352 34.451870 34.452950 34.462189 34.497173 34.541458 34.577507 34.572662 34.601002 34.606316 34.537216 34.405312 34.413948 34.459763 34.406738 34.426544 34.520161 34.551163 34.559803 34.567223 34.589558 34.646801 34.703320 34.656281 34.521034 34.411579 34.410118 34.478916 34.506134 34.515694 34.542110 34.556423 34.562626 34.574402 34.516216 34.504002
34.388580 34.444180 34.378937 34.241352 34.208260 34.234779 34.300682 34.345650 34.274406 34.197430 34.291126 34.315044 34.234978 34.114750 34.047272 34.075180 34.094536 33.956322 34.126175 34.439999 34.496929 34.439831 34.485596 34.496040 34.484592 34.481010 34.482468 34.522633 34.539764 34.534309 34.464813 34.451347 34.511723 34.533943 34.453735 34.338383 34.419487 34.489910 34.388741 34.377762 34.522400 34.592640 34.606342 34.615528 34.649757 34.683556 34.687500 34.570911 34.429604 34.402687 34.470634 34.511414 34.514809 34.523445 34.536098 34.532318 34.554222 34.582752 34.499138 34.467300
34.279121 34.336178 34.307720 34.262985 34.289818 34.347122 34.381882 34.342590 34.225975 34.219086 34.353317 34.330418 34.234119 34.141727 34.074654 34.060314 34.102905 33.998459 34.052650 34.412708 34.496964 34.409576 34.394409 34.407364 34.402378 34.409424 34.408947 34.447536 34.464462 34.427883 34.380615 34.348644 34.393742 34.434189 34.365807 34.295837 34.426876 34.511669 34.356201 34.294476 34.477882 34.581760 34.623489 34.637527 34.644188 34.659302 34.628574 34.492287 34.412888 34.460526 34.534630 34.531082 34.494991 34.479046 34.475452 34.464661 34.493416 34.550869 34.511383 34.487488
34.366371 34.383202 34.374153 34.355228 34.404503 34.416210 34.401077 34.355774 34.280128 34.302383 34.382065 34.340187 34.259758 34.185650 34.110451 34.046402 34.110638 34.032455 34.027672 34.343555 34.507713 34.466698 34.404903 34.388691 34.403530 34.439171 34.454327 34.471794 34.473244 34.463768 34.455971 34.435402 34.433479 34.434612 34.380310 34.321526 34.379059 34.397358 34.229614 34.183685 34.383537 34.518513 34.594677 34.613853 34.624016 34.644363 34.620056 34.526196 34.495373 34.511753 34.504971 34.424561 34.389351 34.433849 34.441082 34.394363 34.383686 34.435192 34.457592 34.439999
34.508709 34.549240 34.535027 34.478653 34.468697 34.446320 34.434746 34.437389 34.428280 34.420742 34.425339 34.341331 34.227844 34.155224 34.054157 33.999340 34.101101 34.050591 34.016010 34.166145 34.489281 34.583073 34.575439 34.570023 34.567444 34.573822 34.551529 34.536480 34.503738 34.488857 34.481331 34.491524 34.492107 34.523754 34.460678 34.407623 34.387291 34.358002 34.200912 34.144039 34.315304 34.501190 34.625980 34.631508 34.670864 34.713963 34.702362 34.618652 34.546257 34.486702 34.407631 34.350548 34.362137 34.434444 34.448254 34.368111 34.320179 34.341179 34.374931 34.410095
34.446453 34.474171 34.458954 34.404980 34.366665 34.324707 34.326271 34.398617 34.441631 34.388348 34.352512 34.241737 34.148029 34.059490 33.961437 33.959942 34.080612 34.059769 34.007519 34.078461 34.277523 34.460434 34.516899 34.505684 34.509247 34.489948 34.388855 34.305283 34.291142 34.301697 34.320988 34.312786 34.341373 34.367809 34.342384 34.334801 34.355141 34.339180 34.257648 34.163441 34.260769 34.398075 34.552048 34.572758 34.608376 34.657494 34.633163 34.540756 34.467255 34.417259 34.403168 34.383873 34.394775 34.440659 34.443077 34.349934 34.325844 34.343407 34.340702 34.354187
34.451706 34.466846 34.440731 34.418205 34.389477 34.353584 34.326092 34.330368 34.295135 34.237175 34.197258 34.174774 34.144367 34.012589 33.933277 34.010185 34.088020 34.096970 34.074112 34.108662 34.144554 34.163300 34.125694 34.076637 34.066162 34.076077 34.066139 34.090939 34.142384 34.185680 34.218502 34.224045 34.238808 34.219353 34.140305 34.080421 34.110828 34.172329 34.248600 34.216595 34.196999 34.309452 34.460762 34.506977 34.546986 34.588043 34.542427 34.446007 34.418957 34.446777 34.459145 34.451572 34.448380 34.460056 34.468781 34.360264 34.327366 34.368923 34.361794 34.355457
34.539379 34.557716 34.549259 34.531021 34.507065 34.474133 34.433369 34.397980 34.332489 34.269154 34.244667 34.234955 34.127365 33.993782 33.965088 34.046432 34.109161 34.098366 34.107765 34.165554 34.222542 34.184669 34.108685 34.012009 33.986526 34.021275 34.064495 34.132233 34.211662 34.247486 34.260651 34.263863 34.264076 34.250923 34.167786 34.102577 34.065674 34.070221 34.124760 34.164730 34.142101 34.228577 34.383854 34.436249 34.484901 34.566574 34.533302 34.444321 34.431763 34.413906 34.353207 34.407066 34.450211 34.475700 34.448372 34.348251 34.310379 34.382442 34.378723 34.341953
34.482635 34.519123 34.553032 34.547142 34.507320 34.452068 34.434402 34.422726 34.428871 34.387726 34.314754 34.196281 34.060604 33.957397 33.987385 34.036865 34.083836 34.078457 34.083847 34.139309 34.217758 34.244720 34.233768 34.197556 34.162556 34.169029 34.159683 34.186821 34.219578 34.232307 34.250717 34.266163 34.314323 34.394707 34.386826 34.315922 34.246525 34.158257 34.146095 34.140022 34.102005 34.102917 34.275005 34.310650 34.370789 34.494980 34.497238 34.410595 34.349472 34.304100 34.255669 34.309891 34.406498 34.441566 34.401550 34.326729 34.312786 34.380714 34.368671 34.335297
34.355949 34.365242 34.457676 34.494217 34.442810 34.339863 34.336441 34.371414 34.391510 34.277302 34.155327 34.025307 33.965988 33.958122 33.994099 34.056931 34.123714 34.125717 34.099377 34.093380 34.114685 34.127007 34.152554 34.194271 34.229881 34.263958 34.254295 34.262676 34.277508 34.293285 34.326183 34.366013 34.428406 34.498405 34.499226 34.430874 34.356068 34.259026 34.214649 34.205853 34.148132 34.091431 34.241974 34.238953 34.260979 34.395760 34.428513 34.372292 34.358871 34.354237 34.300552 34.298615 34.368446 34.423870 34.404766 34.381172 34.358047 34.419205 34.382523 34.341057
34.431126 34.356262 34.393555 34.458000 34.421432 34.338661 34.326519 34.343586 34.292202 34.114914 33.940849 33.942833 34.002010 33.975319 33.978733 34.122635 34.217773 34.221149 34.228230 34.263283 34.266182 34.242325 34.266582 34.299454 34.313538 34.313862 34.330158 34.335632 34.338444 34.338772 34.376694 34.392872 34.421646 34.454430 34.430298 34.357601 34.326180 34.221245 34.118649 34.099312 34.049381 34.023750 34.156982 34.193085 34.170906 34.253174 34.323582 34.321003 34.330017 34.339493 34.319004 34.283054 34.300610 34.366188 34.429214 34.414680 34.395210 34.440056 34.422119 34.397053
34.494507 34.425556 34.335121 34.380516 34.398705 34.347202 34.331093 34.313545 34.175781 33.950943 33.940971 34.038853 34.039906 33.911556 33.973305 34.126175 34.161102 34.151642 34.242687 34.375366 34.440842 34.406719 34.372074 34.329891 34.293339 34.255634 34.232315 34.232918 34.221027 34.205421 34.247765 34.317104 34.354652 34.379608 34.344315 34.270660 34.247971 34.162205 34.050224 33.988968 33.977104 33.988785 34.105145 34.148132 34.138111 34.179829 34.197441 34.159508 34.176865 34.204697 34.233429 34.246189 34.273148 34.338791 34.415943 34.426800 34.408535 34.463814 34.459263 34.438248
34.427406 34.380638 34.262474 34.216934 34.234272 34.241234 34.237812 34.166142 34.000271 33.923637 34.058792 34.124863 34.025024 33.904625 34.000587 34.109840 34.100769 34.086437 34.133564 34.220173 34.278519 34.296227 34.289959 34.278358 34.227448 34.188522 34.151890 34.175106 34.178280 34.170586 34.213264 34.292747 34.324844 34.350407 34.315945 34.285339 34.283920 34.238018 34.178543 34.160347 34.163277 34.126827 34.155853 34.164173 34.165272 34.197182 34.189732 34.143364 34.147224 34.173405 34.211815 34.256435 34.288780 34.340149 34.388416 34.383873 34.387550 34.453442 34.460297 34.431618
34.313313 34.315140 34.267006 34.162224 34.162613 34.163860 34.162697 34.111629 34.015785 34.026981 34.160416 34.155277 34.042156 34.008934 34.161114 34.253849 34.204395 34.121426 34.134308 34.141426 34.081200 34.086945 34.184662 34.258724 34.244442 34.183399 34.132221 34.216331 34.249275 34.220020 34.231941 34.301064 34.315586 34.336964 34.306900 34.307220 34.320004 34.324116 34.306915 34.311390 34.306717 34.234806 34.245926 34.252213 34.264839 34.294083 34.306801 34.296898 34.294086 34.303185 34.321991 34.340061 34.345276 34.385174 34.411606 34.381336 34.407715 34.487850 34.454727 34.427036
34.220222 34.252480 34.310768 34.226242 34.203117 34.247959 34.277809 34.228745 34.101219 34.138493 34.194271 34.126457 33.991276 33.944763 34.109196 34.204903 34.133095 34.044594 34.111706 34.184681 34.131557 34.062298 34.068062 34.145702 34.187225 34.118732 34.079220 34.190525 34.238075 34.184223 34.198666 34.244656 34.265564 34.291763 34.277637 34.274704 34.276722 34.277195 34.257629 34.260773 34.247833 34.211395 34.228031 34.249199 34.275421 34.312157 34.332081 34.323547 34.319927 34.302151 34.320805 34.336849 34.342407 34.377296 34.399166 34.371479 34.406097 34.497120 34.468620 34.441647
34.251122 34.249866 34.290287 34.286942 34.257385 34.278030 34.290844 34.223717 34.158501 34.185211 34.202309 34.125198 34.003895 33.905575 33.950928 33.999611 33.954750 33.964577 34.076752 34.183865 34.144474 34.078503 34.059334 34.072250 34.093018 34.024593 34.000736 34.122478 34.167534 34.149067 34.182499 34.216522 34.242867 34.276466 34.258686 34.219154 34.195457 34.187790 34.174866 34.180534 34.189167 34.180206 34.205711 34.244778 34.285378 34.311516 34.322453 34.302097 34.283279 34.249626 34.281960 34.306343 34.315643 34.337502 34.353241 34.351532 34.420109 34.508324 34.457825 34.423267
34.289936 34.279900 34.282768 34.257599 34.216141 34.218109 34.210117 34.120239 34.169147 34.222542 34.226528 34.174377 34.122871 34.071484 34.078644 34.090778 34.030830 34.031059 34.081169 34.106441 34.071144 34.048782 34.057846 34.055550 34.030388 33.975197 33.970203 34.073204 34.086342 34.102829 34.141426 34.146549 34.161854 34.203461 34.207348 34.174198 34.174709 34.161659 34.159466 34.191624 34.216061 34.229218 34.249428 34.277542 34.301273 34.337982 34.342941 34.309746 34.293720 34.261444 34.260593 34.298206 34.292488 34.314827 34.324272 34.360008 34.460777 34.489761 34.447067 34.401806
34.312504 34.299507 34.288639 34.227894 34.136311 34.130829 34.142693 34.163231 34.197319 34.250046 34.237511 34.198631 34.167480 34.128124 34.134003 34.119896 34.073647 34.035320 34.040344 34.037922 34.025364 34.019958 34.071342 34.075054 34.035954 33.992714 33.999142 34.049137 34.043621 34.067394 34.089832 34.073803 34.086891 34.144791 34.172497 34.204994 34.234753 34.238731 34.204029 34.231560 34.272549 34.284584 34.283211 34.299263 34.325027 34.359047 34.359043 34.334324 34.315388 34.277687 34.285530 34.309303 34.289452 34.308178 34.343868 34.434536 34.461147 34.423496 34.369446 34.354256
34.341572 34.326660 34.299667 34.181709 34.093060 34.115700 34.191536 34.247177 34.258820 34.284660 34.255341 34.156532 34.075287 34.025642 34.011223 33.996414 33.953892 33.930908 34.001881 34.048664 34.034039 34.034599 34.105179 34.095654 34.052635 34.037304 34.078003 34.011292 33.997482 34.045567 34.066467 34.024712 34.053673 34.127964 34.159275 34.148159 34.139576 34.137012 34.125877 34.140007 34.183456 34.203247 34.206078 34.228119 34.282215 34.326294 34.322594 34.284637 34.277740 34.234329 34.232674 34.280987 34.263142 34.288975 34.407166 34.425850 34.350853 34.299683 34.344112 34.347633
34.324318 34.299995 34.271683 34.206760 34.165298 34.196938 34.246456 34.250614 34.263317 34.284653 34.224552 34.067116 34.029541 33.994072 33.979374 33.980923 33.937119 33.913643 33.999943 34.066841 34.048882 34.046967 34.091267 34.070896 34.033230 34.080597 34.096626 33.973991 33.976284 34.041016 34.055843 34.011677 34.065304 34.170311 34.172054 34.081161 34.049026 34.081264 34.101589 34.118301 34.158539 34.165703 34.155689 34.188660 34.259201 34.294090 34.262074 34.242134 34.249496 34.218857 34.230095 34.283665 34.248405 34.305534 34.405392 34.393906 34.279537 34.296459 34.366016 34.360836
34.277161 34.267075 34.251694 34.250656 34.274208 34.295135 34.273930 34.252171 34.292038 34.292446 34.172779 34.101810 34.151028 34.110146 34.098660 34.050526 33.976963 33.950668 34.031982 34.055813 34.023308 34.055107 34.106716 34.050510 34.045593 34.128258 34.062752 33.920334 33.959435 34.045166 34.014893 33.992462 34.095264 34.225281 34.183052 34.078068 34.102512 34.162781 34.153954 34.140850 34.203575 34.223099 34.203415 34.222176 34.267063 34.268856 34.246155 34.270447 34.296566 34.269459 34.265224 34.306530 34.273998 34.313679 34.374565 34.361534 34.301544 34.352104 34.417873 34.373093
34.262985 34.266609 34.283054 34.301094 34.297615 34.274788 34.251583 34.252396 34.300278 34.258347 34.150276 34.187325 34.225826 34.158230 34.133636 34.105072 34.030479 33.997093 34.076138 34.069695 34.034267 34.096558 34.141533 34.082272 34.093735 34.141315 34.041679 33.905106 33.998127 34.075596 34.037106 34.030388 34.162327 34.266239 34.211330 34.120358 34.170727 34.205227 34.150108 34.147644 34.215248 34.249416 34.242100 34.249977 34.248825 34.229782 34.222805 34.272270 34.299671 34.259766 34.228638 34.266560 34.283943 34.313705 34.328140 34.310860 34.317966 34.378067 34.385536 34.328819
34.192822 34.242989 34.292118 34.303478 34.288113 34.272884 34.246449 34.238422 34.290352 34.239838 34.122990 34.223217 34.244202 34.136528 34.131538 34.121685 34.048100 34.041977 34.135521 34.105793 34.061558 34.122944 34.159515 34.114441 34.122124 34.123539 34.031368 33.958832 34.060127 34.111450 34.052513 34.061417 34.203766 34.301743 34.219559 34.141960 34.202950 34.208195 34.135582 34.146133 34.185501 34.233768 34.272091 34.296066 34.297482 34.300770 34.274288 34.284462 34.291660 34.249321 34.240559 34.259823 34.300865 34.349167 34.333817 34.305862 34.304890 34.351219 34.353783 34.316353
34.073555 34.114384 34.239975 34.243587 34.270073 34.265873 34.230648 34.235210 34.297783 34.218933 34.124634 34.221905 34.230232 34.134979 34.141701 34.162617 34.129330 34.101231 34.145931 34.100845 34.060669 34.124893 34.136559 34.103031 34.116528 34.106613 34.052597 34.010029 34.067711 34.106365 34.048046 34.020260 34.173836 34.275234 34.193672 34.138466 34.212330 34.212326 34.122723 34.157585 34.202518 34.196449 34.223141 34.290417 34.333130 34.360355 34.354610 34.349220 34.328987 34.289875 34.295383 34.321587 34.341999 34.406120 34.396709 34.358856 34.342896 34.335846 34.322544 34.294960
34.138802 34.193752 34.246323 34.228275 34.251102 34.272518 34.236469 34.231316 34.305649 34.229885 34.151646 34.242134 34.279701 34.155724 34.161674 34.198921 34.175640 34.141838 34.159794 34.115379 34.075474 34.148727 34.162712 34.118607 34.102688 34.114487 34.086838 34.050198 34.071358 34.084049 34.047043 34.039341 34.180145 34.293804 34.206337 34.151863 34.235725 34.226269 34.113354 34.152824 34.203644 34.168198 34.155148 34.219410 34.287270 34.359924 34.385677 34.344963 34.238194 34.169960 34.234528 34.321136 34.359230 34.441494 34.465492 34.482056 34.443184 34.377266 34.337540 34.318401
