public/ISAM/salinity_asc/salinity-2024-07-20T00-00-00.asc
ncols         120
nrows         120
xllcorner     110.0
yllcorner     3.0
cellsize      0.25
NODATA_value  0.0
[rows 26 to 51 of 120, columns 0 to 59 of 120]
0.002141 -0.002070 -0.001466 -0.000913 -0.001312 -0.000727 -0.002545 -0.001666 -0.000073 0.001400 0.001330 0.001146 0.001572 0.000526 0.000745 -0.000659 0.000092 -0.001128 0.000411 -0.001842 -0.000617 -0.001072 0.000389 -0.000452 0.000134 -0.001247 -0.001067 -0.001345 -0.000062 -0.000365 0.000404 0.000143 0.001077 0.000908 0.000474 0.001227 0.001978 0.000825 0.004493 0.003756 33.987587 34.015621 33.721344 33.253910 33.272194 33.537586 33.080734 32.123238 32.035103 32.546127 32.939316 33.106995 33.157051 33.239586 33.349491 33.490200 33.568951 33.578552 33.612835 33.667164
0.001785 -0.003017 0.000680 -0.001103 0.000483 0.000533 -0.000500 -0.001520 0.000487 0.001905 0.003157 0.002586 0.003207 0.001831 0.001384 0.000005 0.000175 -0.001285 0.000401 -0.000554 -0.000400 -0.001346 -0.000117 -0.000605 0.000267 -0.001140 -0.000780 -0.001974 -0.001188 -0.000496 -0.001321 0.000436 -0.000302 0.001827 0.000689 0.000657 0.001150 0.003045 0.006620 33.210430 0.006470 33.864914 33.720467 33.084633 33.018288 32.963787 32.457233 31.755968 32.296272 33.217930 33.273552 33.162018 33.292942 33.606369 33.660515 33.607395 33.574112 33.556610 33.614456 33.833012
0.001752 -0.000619 -0.000657 0.000526 -0.000113 0.002176 -0.000248 -0.000466 0.000207 0.002912 0.002728 0.004351 0.004045 0.003082 0.002126 0.000631 0.000875 -0.000425 -0.000112 -0.000076 -0.000451 -0.000124 -0.000231 -0.000630 -0.000451 -0.001209 -0.001286 -0.001100 -0.000725 0.000806 -0.000081 0.000508 -0.000597 0.000254 -0.000111 -0.002467 0.002906 0.000756 0.013205 33.159031 33.695984 33.871254 33.652637 32.873463 32.571537 33.091225 33.083447 32.349258 32.554153 33.313324 33.717731 33.967838 34.018658 34.178337 34.215111 34.201607 34.169727 34.043144 34.092060 34.305408
0.000491 -0.003553 -0.000757 -0.001132 0.000218 0.001962 0.000259 -0.000215 0.001181 0.004421 0.002766 0.004498 0.004258 0.002279 0.003674 0.001740 0.001153 0.000396 0.000825 -0.000597 -0.000905 -0.001698 -0.000526 -0.001120 -0.000737 -0.000848 -0.000854 0.001002 0.001478 0.001471 0.000802 0.001989 0.000161 -0.000839 -0.000460 0.007695 0.005727 0.002551 0.007197 33.181637 33.438232 33.568638 33.453350 32.442509 31.958773 32.994476 33.184208 32.986603 33.346565 33.439346 34.069988 34.071091 33.995583 34.161186 34.246338 34.221840 34.212379 34.168518 34.123394 34.327625
-0.000045 -0.001554 -0.000034 0.001617 0.000409 0.002061 0.000340 0.000617 0.001569 0.003275 0.005684 0.004944 0.005299 0.004111 0.004647 0.003677 0.004104 0.002417 0.002210 0.001090 0.000311 -0.000551 -0.000244 -0.000666 0.001034 -0.000150 0.001709 0.001979 0.003104 0.002291 0.002507 0.000570 0.000632 -0.000368 -0.001151 0.001240 0.004722 31.335184 0.003569 33.139713 33.734287 33.890133 33.280087 31.795977 31.919174 32.824360 32.984695 32.975449 32.926250 33.100677 34.019753 34.036491 33.882736 34.016502 34.060211 34.098545 34.164429 34.197319 34.197937 34.348694
0.000462 -0.002879 -0.000565 0.000896 0.001346 0.002601 0.001225 0.003225 0.002386 0.004853 0.003499 0.005983 0.004328 0.005096 0.004354 0.004132 0.004846 0.003084 0.002904 0.001225 0.001389 -0.000707 -0.000374 -0.001176 -0.000321 0.000709 0.000824 0.003006 0.003104 0.003034 0.001831 0.002484 0.000381 -0.003691 0.004770 0.000419 -0.007541 0.000912 33.580448 33.637409 33.788326 33.973648 32.905548 31.717068 32.649006 33.098530 33.014816 32.618008 32.156799 32.860779 33.951752 33.970440 33.920601 34.147102 34.225647 34.282864 34.386948 34.420139 34.438354 34.505676
-0.000576 -0.000647 0.000220 0.000625 -0.000034 0.003812 0.001319 0.002978 0.002681 0.005414 0.003518 0.003252 0.002957 0.003459 0.004148 0.006045 0.004171 0.004634 0.003123 0.002157 -0.000156 -0.000328 -0.000817 -0.001844 0.000128 0.001171 0.002140 0.003745 0.004198 0.004400 0.001592 -0.002586 0.001379 0.000462 -0.002406 -0.000314 32.988003 33.724892 33.705147 33.035046 32.842094 33.079826 31.913853 32.242012 -0.010589 -0.005732 -0.011760 0.002328 32.643524 33.565868 34.184692 34.142197 34.038490 34.274670 34.350376 34.419823 34.513546 34.490559 34.463181 34.446533
-0.000044 -0.002133 0.000243 0.001629 0.001165 0.004594 0.002254 0.003877 0.004252 0.007216 0.003350 0.004235 0.001707 0.002832 0.001403 0.005069 0.004445 0.003981 0.004889 0.002720 0.000268 -0.002115 -0.002308 -0.001160 -0.001388 0.001981 0.001724 0.004845 0.002785 0.003200 0.001592 0.003040 0.007781 0.000623 -0.004201 33.398407 33.646736 33.775387 32.902462 31.643303 30.978851 31.938782 31.851776 32.628574 -0.006839 0.000345 0.006891 0.020995 33.210411 34.069351 34.446583 34.275894 34.204041 34.338955 34.377266 34.443825 34.472610 34.406963 34.324593 34.333450
-0.004895 -0.001857 0.000411 0.002058 0.000353 0.004546 0.001027 0.003309 0.004336 0.005723 0.004775 0.003437 0.003058 0.002145 0.002791 0.003858 0.006303 0.005117 0.005110 0.002355 0.000502 -0.003070 -0.000923 0.000542 0.001307 0.001964 0.003447 0.002873 0.003693 -0.001949 0.003858 0.004675 0.004171 33.028244 32.747963 33.559483 33.636112 32.393749 31.424892 30.715992 31.049040 31.695747 33.045368 -0.009107 -0.002264 0.004256 0.001834 0.005911 33.950478 34.301418 34.355663 34.228977 34.244095 34.342064 34.366035 34.411282 34.425323 34.372295 34.341385 34.399689
0.001291 -0.000801 0.000375 0.001488 0.002378 0.004095 0.002191 0.004586 0.002794 0.006651 0.002487 0.004757 -0.001409 0.000198 -0.006150 0.000320 -0.001124 0.000295 -0.004044 -0.004411 -0.009084 -0.010385 -0.009189 -0.003971 -0.005173 0.000572 0.000238 0.002670 -0.005879 0.005825 0.000804 -0.011164 -0.004975 33.505013 33.298759 33.846779 33.698048 31.869324 31.066982 31.983873 33.021156 33.209229 33.191315 -0.003121 -0.003116 -0.000332 0.003409 33.750870 34.136463 34.168427 34.208954 34.104095 34.162529 34.294777 34.320374 34.398407 34.460251 34.453568 34.461853 34.471169
-0.001892 0.000363 0.000709 0.001654 0.001800 0.003682 0.002869 0.003620 0.003805 0.004356 0.003575 0.004207 -0.000835 -0.001878 -0.006904 -0.004428 -0.007099 -0.004499 -0.009042 -0.011062 -0.015498 -0.012338 -0.012513 -0.006860 -0.004834 0.000074 -0.008256 0.000839 -0.001573 -0.001055 -0.010089 33.069778 33.254471 33.571617 33.485554 33.435234 32.857735 31.624268 31.827007 33.697884 33.305672 32.982399 -0.011970 -0.000295 -0.000331 0.001015 -0.001706 34.092987 34.014084 34.206688 34.181160 34.109043 34.173477 34.295254 34.288338 34.355209 34.456795 34.476334 34.480335 34.392445
0.001682 -0.000971 0.001742 0.003943 0.002137 0.006234 0.004455 0.005266 0.002630 0.005339 -0.002324 0.003758 -0.007697 -0.003636 -0.014391 -0.010178 -0.017487 -0.016956 -0.027448 -0.028369 -0.035357 -0.024548 -0.026212 -0.014581 -0.010064 -0.009541 0.006261 0.006148 -0.009519 -0.010243 33.029366 33.187908 33.377163 33.050583 32.412960 31.300770 31.298719 31.498896 32.572315 33.703636 32.594215 32.265579 -0.013839 -0.002030 -0.003880 0.003995 -0.001148 34.176285 34.220299 34.286652 34.279312 34.223068 34.242485 34.360664 34.334873 34.353668 34.412788 34.410007 34.379299 34.343525
-0.002744 -0.000393 0.000538 0.003665 0.004312 0.006388 0.003928 0.006197 0.005673 0.004507 0.005806 0.003515 0.001216 -0.000957 -0.004789 -0.007180 -0.009070 -0.013747 -0.021813 -0.024638 -0.030037 -0.022496 -0.021070 -0.013242 -0.006986 0.001174 0.009885 0.003876 32.793419 33.033894 33.095444 32.589855 32.668297 32.105640 31.588177 30.984756 30.879789 32.816837 0.001216 32.967941 32.849854 -0.003211 -0.001088 0.001468 0.000346 0.006958 33.937973 33.928009 34.047695 34.160355 34.180241 34.151520 34.224266 34.403488 34.402855 34.398285 34.435745 34.406200 34.372635 34.340088
0.003221 -0.000444 0.000517 0.002740 0.003290 0.005482 0.001388 0.004212 -0.003058 0.004118 -0.006159 -0.000107 -0.009412 -0.001496 -0.012962 -0.008576 -0.012919 -0.025104 -0.036739 -0.019852 -0.013659 -0.000589 -0.003642 0.000231 -0.002012 0.001202 0.003224 32.810959 32.004143 31.068501 32.427338 33.265450 33.112518 32.714970 32.151798 32.216194 31.953911 33.710365 0.007506 33.403229 32.314152 -0.000732 -0.004030 -0.016749 -0.002600 0.008826 33.851631 34.002491 34.098579 34.113956 34.111164 34.122532 34.212311 34.421604 34.411396 34.374908 34.432812 34.474422 34.492783 34.380913
-0.000836 -0.000474 0.000112 0.000896 0.003483 0.002929 0.002391 0.000113 -0.004274 -0.005588 -0.007701 -0.012086 -0.010873 -0.013147 -0.007535 -0.022333 -0.000979 0.003652 -0.012019 -0.000648 0.000238 -0.004329 0.000636 -0.006809 -0.005982 -0.009669 0.001969 31.469284 31.578218 32.775997 33.503502 33.539070 33.077976 32.536583 32.996445 33.792175 33.669907 33.422176 33.716755 33.552608 31.176697 0.010417 -0.003500 -0.003688 -0.004611 0.001977 33.977249 34.127647 34.162876 34.125782 34.143387 34.166492 34.278240 34.403419 34.344372 34.285408 34.355339 34.440144 34.481369 34.350670
0.005730 0.000599 -0.002314 -0.002927 -0.005809 0.002280 -0.002994 0.000544 -0.009737 -0.004368 -0.013773 -0.008726 -0.018843 -0.009771 -0.009924 -0.004077 -0.005130 -0.009665 -0.013968 24.965445 -0.015958 28.209333 0.181674 29.727392 30.060453 30.399136 31.468132 32.743359 33.370575 33.365479 33.094624 32.902603 32.228920 32.570683 33.171112 33.631790 33.658573 33.450726 33.757488 33.712421 33.196800 0.013674 0.011117 -0.012591 -0.003571 33.793930 34.052555 34.129955 34.106987 34.130371 34.182964 34.241688 34.346481 34.430542 34.393559 34.315659 34.374985 34.465389 34.479847 34.347412
0.001418 -0.000077 0.001049 -0.003663 0.000557 0.002446 0.000997 -0.000289 -0.003347 -0.000655 -0.004698 0.005668 0.004854 0.000925 -0.000619 9.032694 -0.010739 -0.022528 28.468792 28.536980 29.802147 29.796570 30.647099 31.887667 32.830166 33.071281 33.109489 32.733456 32.606148 33.070282 32.974903 32.818260 32.779926 33.001678 33.549797 33.655781 33.514542 33.490646 33.987495 34.177639 33.786278 31.422039 -0.000653 0.005774 33.029819 33.632835 34.100883 34.118999 34.115849 34.183655 34.265488 34.327679 34.383995 34.464485 34.444035 34.382782 34.478775 34.557072 34.545643 34.456604
0.006229 -0.001085 -0.000123 -0.003704 -0.008604 0.001360 -0.018318 -0.001590 -0.007005 0.006979 0.003728 0.008200 -0.003094 -0.002277 -0.004628 19.292446 10.725855 26.169910 28.842064 31.328121 32.809856 33.154949 33.538990 33.630226 33.408031 33.264568 33.060360 32.901226 32.804440 33.207283 33.528469 33.654446 33.746655 33.889912 33.819984 33.679886 33.783836 33.947433 33.930016 34.110466 34.084915 33.815811 33.019966 0.017449 32.719261 33.931641 34.319771 34.250374 34.210625 34.322681 34.409588 34.426136 34.440571 34.482273 34.452168 34.371613 34.488285 34.601135 34.589989 34.544712
0.003213 0.003297 0.000494 -0.015973 -0.003148 0.001171 -0.001073 -0.004317 -0.006012 0.005047 -0.005821 -0.001648 13.962683 16.140932 21.018593 25.888268 29.790668 -0.005104 32.592831 33.433460 33.507298 33.670502 33.489716 33.508961 33.248318 33.166695 33.300571 33.475414 33.637989 33.977951 34.083866 34.009575 33.974686 34.008812 33.852512 33.902451 34.107822 34.155602 33.991875 34.159698 34.173351 34.128510 33.748108 0.012825 33.281818 34.309681 34.476070 34.339874 34.355232 34.465977 34.512688 34.513515 34.499306 34.526604 34.488903 34.378250 34.432640 34.520187 34.493393 34.455536
0.006006 -0.001425 0.002373 0.003599 0.002936 0.002042 -0.007595 -0.000979 28.481049 0.000757 24.192204 23.459679 25.899893 29.220882 31.372208 31.359695 32.184525 32.964153 33.076477 33.435284 33.597176 33.244957 33.109879 33.416428 33.659466 33.913300 34.061470 34.082581 34.034081 34.063766 34.067101 33.966537 33.935425 33.962936 33.918755 33.999908 34.204700 34.178837 33.967888 33.899715 34.003082 33.980671 33.992428 34.000828 34.098701 34.341774 34.492744 34.365978 34.408451 34.517307 34.533226 34.498352 34.481430 34.521385 34.479240 34.374054 34.371281 34.468410 34.456345 34.389271
0.008260 -0.010039 0.001760 -0.005105 0.001485 31.481434 31.073666 30.372688 31.129688 31.308533 31.217182 30.124332 32.614960 33.102509 33.364883 33.497185 33.418385 33.567390 33.580833 33.664513 33.440598 33.238895 33.501793 33.906254 34.049026 34.066177 34.093426 34.036568 33.943100 33.959595 33.988064 33.940159 33.970490 34.026798 34.011173 34.044266 34.154213 34.124172 33.941116 33.916344 34.159348 34.165817 34.224121 34.295658 34.214039 34.345200 34.458488 34.406902 34.467529 34.490063 34.474380 34.421532 34.369343 34.384842 34.376621 34.330555 34.331722 34.429901 34.552330 34.524384
0.008101 -0.010132 -0.002987 32.129177 32.526413 32.459366 32.951679 33.262634 33.267639 33.330124 33.267490 33.594933 33.467300 33.473888 33.529861 33.653442 33.632725 33.652676 33.804264 33.765522 33.401085 33.517807 33.922943 34.012260 33.971607 33.931961 33.895622 33.874908 33.832748 33.873474 33.951942 33.931301 33.946274 34.021202 34.024727 34.032814 34.063976 34.085850 33.921597 34.039085 34.385555 34.380939 34.298935 34.309544 34.316231 34.389984 34.437164 34.453529 34.492958 34.501545 34.507065 34.482689 34.434574 34.409569 34.376038 34.355423 34.316395 34.359894 34.530735 34.568497
0.006409 30.974636 0.013303 32.553883 33.250076 33.268837 33.486683 33.560493 33.529991 33.587395 33.579391 33.577377 33.551178 33.576561 33.397614 33.496155 33.569252 33.543503 33.769512 33.705074 33.458801 33.799847 33.955673 33.899597 33.857689 33.903244 33.929199 33.962273 33.950562 33.971893 34.020206 33.934971 33.856926 33.904385 33.923607 33.960121 34.073864 34.054794 33.925987 34.036591 34.366776 34.355328 34.270676 34.312031 34.352612 34.433617 34.503105 34.492035 34.536270 34.565960 34.542084 34.500130 34.455223 34.442120 34.439503 34.405304 34.325844 34.273613 34.380386 34.473412
-0.002926 0.002770 32.333797 33.004147 33.280888 33.288708 33.360710 33.503151 33.313969 33.320137 33.478821 33.604908 33.506733 33.594254 33.632462 33.690468 33.604176 33.514938 33.630905 33.560589 33.534878 33.850014 33.920029 33.827084 33.881496 34.033985 34.091671 34.081333 34.074959 34.067398 34.061131 33.922577 33.832630 33.858196 33.844246 33.889854 34.043427 34.131432 34.024693 34.047028 34.327099 34.323849 34.219212 34.218021 34.271496 34.360146 34.481236 34.487160 34.520714 34.518688 34.472572 34.418819 34.404091 34.380135 34.372810 34.384056 34.332687 34.266830 34.317570 34.376305
-0.009166 -0.011189 32.365162 32.847065 33.011471 33.073208 33.333202 33.562683 33.560497 33.670246 33.748795 33.811932 33.676056 33.700233 33.721832 33.736458 33.715580 33.482998 33.418884 33.392490 33.658062 33.905167 33.875187 33.791718 33.920952 34.073368 34.127201 34.096786 34.062103 34.012226 33.955692 33.847164 33.867455 33.899033 33.860840 33.856846 33.978645 34.101112 34.076687 34.053246 34.187164 34.230125 34.115051 34.087856 34.118462 34.253345 34.441227 34.471313 0.002648 34.503780 34.459618 34.412243 34.452499 34.417519 34.339600 34.347721 34.379417 34.317005 34.341702 34.364532
32.265648 32.358364 32.656258 32.857979 32.937016 33.275589 33.470875 33.673523 33.609837 33.628036 33.691250 33.682507 33.604420 33.546188 33.503220 33.591473 33.636208 33.363831 33.164509 33.410748 33.764275 33.920090 33.799610 33.746464 33.829582 33.942078 33.964005 33.930855 33.922970 33.896614 33.873505 33.864254 33.907810 33.922012 33.869785 33.818253 33.910221 34.044918 34.033691 33.953590 34.000168 33.980904 33.886066 33.905952 34.046783 34.210274 34.344162 34.367714 34.404819 34.497307 34.513092 34.449982 34.511803 34.517693 34.393616 34.358223 34.412193 34.389656 34.377117 34.360786
