public/ISAM/salinity_asc/salinity-2024-07-20T00-00-00.asc
ncols         120
nrows         120
xllcorner     110.0
yllcorner     3.0
cellsize      0.25
NODATA_value  0.0
[rows 0 to 25 of 120, columns 0 to 59 of 120]
-0.014129 -0.016275 -0.017639 -0.013133 -0.012855 -0.010506 -0.003290 -0.002453 -0.001679 -0.000994 0.000424 0.002228 0.001327 0.004250 0.004870 0.004156 -0.000544 -0.003079 -0.000790 0.000988 -0.002977 -0.004877 -0.004786 -0.003335 -0.003861 -0.008143 -0.006262 -0.008971 -0.006651 -0.007807 -0.005023 -0.005323 -0.004687 -0.000595 0.003495 0.004783 0.007930 0.007896 0.004945 0.007121 0.005782 0.004091 0.000832 0.026898 13.226849 13.500991 16.937592 19.878511 22.560383 25.020962 28.782734 29.159025 29.924168 30.358707 30.798319 30.964989 30.918896 29.834148 30.199734 30.789263
-0.007339 -0.011662 -0.010404 -0.008634 -0.008088 -0.007548 -0.002322 -0.000251 -0.003346 -0.003578 -0.005222 0.001590 0.001285 0.005352 0.003924 0.003090 0.001559 -0.003144 -0.010866 -0.011489 -0.010176 -0.007611 -0.008944 -0.002464 -0.001208 -0.003000 -0.004396 -0.004011 -0.003606 -0.002494 -0.003312 -0.002208 -0.001923 0.001180 0.005450 0.008104 0.008830 -0.000664 -0.015569 -0.023892 -0.038706 -0.026045 -0.033440 0.045017 12.508138 10.297340 14.050934 19.042086 21.200323 24.791775 26.803310 27.667595 29.326355 30.743217 30.805964 30.968273 30.419895 29.681160 30.351933 30.587757
-0.009727 -0.011882 -0.010599 -0.009238 -0.009061 -0.007943 -0.001596 -0.002253 -0.001208 -0.001511 -0.003058 0.000786 0.001800 0.004004 0.003848 0.000389 0.001730 -0.004685 -0.007051 -0.026282 -0.024164 -0.017104 -0.009228 -0.009332 -0.002395 -0.006577 -0.004767 -0.005749 -0.003332 -0.002380 -0.001557 -0.002525 -0.002982 0.000732 0.003222 0.007362 0.007111 -0.005701 -0.034639 -0.046097 -0.047494 -0.040171 -0.020001 0.018082 0.059011 4.135656 13.760755 22.917467 22.984543 21.672619 23.142607 25.853136 26.304314 27.720001 28.198236 29.560547 29.656269 29.710854 29.967060 30.444342
-0.001844 -0.006476 -0.005439 0.000458 0.000559 0.002807 0.001869 0.003096 0.004176 0.004170 -0.001191 0.002763 -0.002387 0.005668 0.000742 0.002475 -0.001740 -0.003805 -0.008684 -0.015547 -0.014486 -0.008033 -0.002304 0.000184 0.002708 -0.000329 0.001087 -0.001118 0.002197 0.001060 0.002359 0.002832 0.001560 0.005948 0.007186 0.012326 0.006235 0.002047 -0.027694 -0.048371 -0.064692 -0.043325 -0.030851 0.012235 0.025140 0.051412 3.113315 15.097444 15.284124 19.580421 23.520790 25.020830 24.723913 25.545834 28.356337 29.893723 29.612221 28.815388 28.864708 29.037632
-0.004400 -0.007490 -0.005767 -0.000294 -0.001024 0.001160 0.000821 0.003398 0.004268 0.002258 0.000221 -0.000740 -0.001274 0.000714 -0.002235 -0.001075 0.000990 -0.002069 -0.009137 -0.015754 -0.015367 -0.013185 -0.003276 0.001005 0.000607 -0.001920 -0.000310 -0.000161 0.001052 0.001730 0.003917 0.002745 0.003379 0.003358 0.005495 0.008401 0.006059 -0.006908 -0.024827 -0.052378 -0.059636 -0.072286 -0.055952 -0.026172 -0.004892 0.021306 0.045661 -0.004967 8.764220 20.069408 24.045347 25.632156 27.968307 28.033039 29.161106 30.263371 29.533815 28.441711 28.941719 29.217770
-0.001682 -0.007078 -0.005864 0.001624 0.000714 0.002904 0.002260 0.003672 0.003545 0.000996 -0.005157 -0.005404 -0.011604 -0.000566 -0.006975 0.003052 0.000417 0.004314 -0.000834 -0.000642 -0.005568 -0.005639 -0.003501 -0.000317 0.000880 0.000481 0.000306 -0.000986 0.002448 0.002644 0.002925 0.003059 0.005289 0.005619 0.006785 0.007481 0.006331 -0.000716 -0.018497 -0.046173 -0.079143 -0.057163 -0.052273 -0.026508 -0.017430 -0.012452 0.006018 0.012121 -0.044112 19.224474 22.698351 24.762257 22.893089 23.511015 26.457066 29.021404 28.910595 29.298149 29.444504 30.230242
-0.003410 -0.006902 -0.006291 -0.001420 -0.002575 0.001093 -0.000354 0.000558 0.001801 0.000478 -0.003112 -0.005901 -0.004869 -0.000784 -0.000882 0.004439 0.004036 0.004875 0.002492 0.001393 -0.002597 -0.006577 -0.005919 -0.003413 -0.004427 -0.003213 -0.002153 -0.003806 0.000379 0.000072 0.001513 0.000175 0.001434 0.001440 0.002797 0.002838 0.005283 0.003935 -0.004728 -0.033446 -0.055800 -0.064616 -0.054915 -0.030243 -0.013118 -0.006941 0.065423 0.001341 -0.057173 9.097581 19.779739 22.640163 25.534088 25.360775 26.925354 28.807524 29.637144 30.149685 30.927654 31.280472
-0.000591 -0.005666 -0.005546 -0.002248 -0.001838 -0.000398 -0.000000 0.000690 0.000505 0.000353 -0.005827 -0.006484 -0.010298 -0.003764 -0.003565 0.005253 0.005197 0.004443 0.004576 0.002810 0.000554 -0.002627 -0.005300 -0.005313 -0.006227 -0.003243 -0.001678 -0.002096 0.001323 0.000549 0.002577 0.000793 0.000936 -0.000093 0.000269 0.001793 0.005495 0.004627 -0.005121 -0.018681 -0.040011 -0.050909 -0.043841 -0.028345 -0.026863 -0.020560 -0.021922 -0.004792 4.003909 8.395072 19.482985 28.177410 30.364311 28.136475 30.015266 32.383232 33.400696 32.233730 31.931213 32.007195
-0.003251 -0.005509 -0.004985 -0.003012 -0.004131 0.000095 -0.000941 0.001513 0.001835 -0.000935 -0.005248 -0.007152 -0.006715 -0.003495 -0.001424 0.002870 0.004206 0.004099 0.004540 0.002802 0.000529 -0.001508 -0.006712 -0.006554 -0.007885 -0.004958 -0.004128 -0.001673 0.000626 0.000066 0.002104 0.001545 0.002497 0.000595 0.001079 0.002397 0.003824 0.003339 -0.002181 -0.022843 -0.020909 -0.051355 -0.045951 -0.034845 -0.006907 0.011273 0.012294 -0.022908 10.538469 15.222535 24.056362 29.101599 30.479099 31.251041 32.017143 32.741516 33.311523 32.734146 32.354530 32.610741
0.002541 -0.001491 -0.004246 -0.005094 -0.005491 -0.003487 -0.003283 -0.001079 0.000039 0.001613 -0.002546 -0.000919 -0.005974 -0.002344 -0.003573 0.002210 0.000917 0.002181 0.002291 0.002222 0.000599 -0.000714 -0.007038 -0.007453 -0.008418 -0.003341 -0.000273 -0.000849 0.001975 0.000259 0.001937 0.001019 0.000979 0.000030 -0.001398 0.000017 -0.003094 -0.006656 -0.017121 -0.017996 -0.016564 -0.024117 -0.010972 -0.006363 0.002815 -0.003054 8.015235 13.888162 19.128538 22.285387 28.368866 31.707043 32.632595 32.227901 31.801720 32.354614 33.107159 33.323101 32.897457 33.232697
-0.000473 -0.002880 -0.005361 -0.005973 -0.006602 -0.003685 -0.003663 -0.002243 -0.000194 0.000619 0.000936 -0.000346 -0.000132 -0.000421 -0.000784 0.001371 0.001721 0.003004 0.002927 0.001821 0.003477 0.000637 -0.001626 -0.005295 -0.004628 -0.003798 -0.001693 -0.000494 0.000719 0.001623 0.003220 0.002494 0.001885 0.001758 0.000844 -0.004195 -0.005399 -0.012380 -0.010609 -0.018386 0.002459 -0.024901 -0.008025 0.019938 11.588490 12.212188 15.320438 22.763325 22.852333 25.071739 31.548630 33.318382 31.724571 31.150436 32.897076 33.791615 33.752548 33.615147 33.469700 33.575363
0.003386 -0.002576 -0.003646 -0.007296 -0.008034 -0.004660 -0.004905 -0.002859 -0.000945 0.001721 0.001075 0.001835 -0.000529 0.000920 -0.000717 0.001416 -0.000289 0.001652 0.001226 0.001567 0.001961 0.000736 -0.000562 -0.002413 -0.002662 -0.001471 -0.000964 -0.001292 0.000501 0.001949 0.003193 0.002186 0.000927 -0.000735 -0.003283 -0.006568 -0.008587 -0.017743 -0.028293 -0.013954 0.000630 -0.010264 0.021184 4.957028 5.651693 0.004890 11.087500 21.054863 25.277912 29.370289 0.006547 33.078800 31.682457 30.383974 32.539051 33.866062 33.762642 33.457512 33.362999 33.552547
-0.003419 -0.002212 -0.003956 -0.006393 -0.006445 -0.004975 -0.005178 -0.002748 -0.001447 0.000467 0.001433 0.000532 0.000343 -0.000148 -0.000644 -0.000015 0.000788 0.000975 0.000968 0.000980 0.000478 0.001547 0.001319 -0.000430 -0.000900 -0.001999 -0.000748 -0.001050 0.000821 0.001813 0.002537 0.002852 0.001931 0.001379 -0.002203 -0.004004 -0.006600 -0.022284 -0.038025 -0.027985 -0.002719 -0.010683 0.013519 0.020073 0.020141 0.001420 0.001998 19.296768 27.737736 0.012608 31.138969 33.418587 32.837399 32.025364 33.747463 33.938961 33.582691 33.356651 33.465370 33.653389
0.002111 -0.002570 -0.003626 -0.005452 -0.006085 -0.004608 -0.006317 -0.004676 -0.003374 -0.000636 0.000592 -0.000112 -0.001489 -0.001490 -0.002757 -0.001186 -0.000951 -0.000640 -0.000930 -0.000067 -0.000857 0.000378 0.000588 -0.001029 -0.001111 -0.000579 -0.001236 -0.000004 0.000371 0.001525 0.002802 0.001397 -0.000097 -0.000266 -0.000540 0.000121 -0.006410 -0.013793 -0.030732 -0.010227 -0.008744 0.006252 0.005229 0.010915 -0.000362 0.026915 0.017186 0.007230 26.261410 29.198009 33.959198 34.048897 33.058334 33.579277 34.207886 34.066090 33.631199 33.443424 33.482780 33.663033
-0.001517 -0.001935 -0.002975 -0.005146 -0.005414 -0.005833 -0.005935 -0.005975 -0.003603 -0.001216 -0.000780 -0.001450 -0.001358 -0.000891 -0.003024 -0.001901 -0.001285 -0.001824 -0.001096 -0.001883 -0.001937 -0.001288 0.000043 -0.000625 -0.000465 -0.001012 -0.000643 -0.000904 0.001019 0.001379 0.000472 0.000676 0.001959 -0.000686 0.000759 0.000431 -0.001156 -0.006131 -0.014991 -0.005138 -0.001253 0.007050 -0.000445 0.000693 -0.009772 -0.018913 0.004161 25.324944 26.783962 31.671240 34.041573 33.744987 33.679317 33.739304 33.869385 33.712074 33.464588 33.486359 33.542042 33.629025
0.004530 0.000594 -0.000370 -0.002964 -0.005455 -0.005755 -0.006425 -0.005710 -0.003125 -0.001906 -0.001460 -0.002491 -0.002627 -0.003240 -0.004353 -0.004325 -0.003804 -0.003817 -0.004297 -0.003134 -0.001922 -0.001673 -0.000020 -0.001445 -0.001395 -0.001931 -0.000937 -0.000824 0.000344 0.000757 0.001200 0.001692 0.000507 -0.000217 0.001423 0.000813 -0.000544 -0.003234 -0.010665 -0.000261 -0.006038 0.004882 -0.002591 0.005859 -0.008360 -0.002579 0.003262 0.002618 27.530558 33.755005 34.014751 33.733337 33.511692 33.761936 33.724693 33.523418 33.473877 33.578674 33.549988 33.612747
0.001227 0.000999 0.000171 -0.001314 -0.004157 -0.004497 -0.006514 -0.005196 -0.004361 -0.001899 -0.001591 -0.002341 -0.003197 -0.004177 -0.004375 -0.003436 -0.005266 -0.004690 -0.004794 -0.003758 -0.003124 -0.002888 -0.000853 -0.001660 -0.001542 -0.002088 -0.000870 -0.002065 -0.002160 -0.000981 -0.000775 0.000298 0.000354 0.000827 0.000230 0.001185 -0.000629 -0.007681 -0.012993 -0.009385 -0.010044 0.000427 -0.002265 -0.001107 -0.004075 -0.002138 -0.005722 26.548603 32.935066 34.191349 33.853828 33.819801 33.880409 33.909843 33.785927 33.644402 33.618488 33.668034 33.617207 33.609592
0.004951 0.000300 0.001286 -0.001329 -0.000869 -0.003243 -0.004360 -0.004983 -0.003297 -0.002949 -0.002540 -0.003625 -0.004129 -0.004241 -0.004794 -0.005281 -0.005243 -0.005422 -0.005335 -0.004442 -0.003859 -0.003081 -0.002854 -0.002571 -0.001742 -0.001692 -0.001132 -0.003263 -0.001801 -0.002828 -0.001539 -0.000049 0.000008 -0.001031 -0.000777 -0.000243 -0.005068 -0.010083 -0.019323 -0.009378 -0.020298 -0.000103 -0.010931 -0.004980 -0.007487 0.002322 0.004612 31.256310 33.553020 33.700096 33.629532 33.643215 33.762665 33.735989 33.738022 33.589447 33.623325 33.733627 33.699142 33.647911
0.004802 0.000857 0.001170 -0.001551 -0.001254 -0.002700 -0.004024 -0.004800 -0.003001 -0.003425 -0.000980 -0.004165 -0.003373 -0.004527 -0.005128 -0.005539 -0.004550 -0.006657 -0.006380 -0.005879 -0.003778 -0.003552 -0.001582 -0.000850 -0.000600 -0.001022 -0.000572 -0.002208 -0.000783 -0.001249 -0.001199 -0.001399 -0.000248 -0.000747 -0.000339 0.000193 -0.002648 -0.003396 -0.005670 -0.004853 -0.007139 0.003723 -0.007832 0.010583 0.005801 -0.010661 -0.010797 31.871078 33.862968 33.914200 33.619129 33.588528 33.599998 33.461010 33.321522 33.403835 33.575748 33.696018 33.677368 33.654530
0.006464 0.001885 0.002696 -0.001436 -0.001679 -0.003444 -0.003649 -0.004478 -0.002331 -0.002645 -0.001360 -0.003852 -0.003592 -0.004488 -0.003928 -0.004840 -0.004898 -0.006086 -0.006034 -0.005513 -0.004653 -0.003850 -0.002439 -0.002396 -0.000216 -0.001216 -0.000255 -0.001721 -0.001406 -0.001399 -0.001598 -0.001050 -0.000225 -0.000052 -0.000053 0.000608 -0.003992 -0.002639 -0.005594 -0.003190 -0.002933 -0.003444 0.008887 0.016149 -0.003739 27.192871 28.499901 32.455376 34.050392 33.727528 33.423752 33.613720 33.523796 33.355671 33.250725 33.479095 33.656006 33.689003 33.644619 33.683384
0.006907 0.001264 0.002186 -0.000239 -0.001260 -0.002535 -0.003249 -0.003673 -0.003238 -0.001730 -0.000590 -0.002940 -0.003091 -0.004051 -0.003381 -0.003341 -0.004269 -0.006102 -0.004523 -0.005235 -0.003023 -0.003423 -0.002417 -0.001192 -0.001089 -0.001573 0.000502 -0.000818 -0.000546 -0.002261 -0.001047 -0.000542 -0.000531 -0.000971 -0.000207 -0.000443 -0.002117 -0.003102 -0.004752 -0.001854 -0.000514 0.003756 0.014408 -0.010434 30.761555 32.957619 33.867466 34.137947 33.673649 32.769337 32.813179 33.385876 33.472176 33.399033 33.453808 33.668621 33.742489 33.669632 33.628414 33.709942
0.007065 -0.000003 0.002242 -0.002006 -0.001920 -0.003994 -0.003613 -0.003852 -0.002956 -0.001215 0.000422 -0.001745 -0.001774 -0.003498 -0.001404 -0.002844 -0.002091 -0.004646 -0.002095 -0.003206 -0.002212 -0.002975 -0.002019 -0.001575 -0.000526 -0.001043 0.000751 -0.000398 -0.000216 -0.000646 -0.000002 -0.001028 -0.000654 0.000843 0.000354 -0.000206 -0.002208 -0.002739 -0.005281 -0.001972 -0.006077 0.005774 0.015422 32.956738 33.869751 33.795998 33.995743 34.190533 33.502094 32.653999 33.127987 33.547192 33.397488 33.429138 33.579357 33.677994 33.681252 33.662594 33.671894 33.736626
0.006048 -0.001476 0.000331 -0.002454 -0.003398 -0.003848 -0.003873 -0.004792 -0.002626 -0.000339 0.001091 -0.001380 -0.001046 -0.002468 -0.000557 -0.002166 -0.000886 -0.002089 -0.001322 -0.001444 -0.001254 -0.002189 -0.000422 -0.001621 0.000223 -0.001824 0.000136 -0.000888 -0.000173 -0.000221 -0.000245 -0.000530 0.000648 -0.000715 0.001484 0.000134 0.001046 -0.001042 -0.000678 -0.008829 -0.001868 0.004433 0.014716 34.130630 33.858246 33.698624 33.883488 33.570297 32.706322 32.422184 33.382309 33.603222 33.281570 33.337746 33.480392 33.561947 33.550571 33.585091 33.605278 33.655651
0.004553 -0.002523 -0.000865 -0.004784 -0.003626 -0.004903 -0.006204 -0.004656 -0.001847 -0.001357 0.001111 -0.001475 -0.001088 -0.001766 -0.000593 -0.003550 -0.002077 -0.002145 -0.000510 -0.002458 -0.001069 -0.002374 -0.001445 -0.002412 -0.000776 -0.001725 -0.000986 -0.001275 -0.000308 -0.001746 -0.000310 -0.000211 -0.000132 0.000323 0.001560 0.002303 -0.000127 -0.000822 -0.002049 0.001673 0.006728 0.003760 0.012976 33.989822 33.916714 33.520184 33.104839 32.755215 32.262569 32.591290 33.531052 33.590553 33.343361 33.435516 33.532875 33.563805 33.614037 33.640171 33.600300 33.601257
0.000681 -0.003724 -0.001034 -0.003915 -0.005138 -0.003896 -0.005162 -0.003938 -0.002601 0.000220 0.001366 0.000392 -0.000241 -0.001743 -0.000899 -0.001414 -0.001165 -0.001833 -0.000946 -0.001576 -0.001328 -0.001779 -0.000831 -0.001684 -0.002182 -0.001930 -0.000934 -0.002244 -0.000298 -0.001893 -0.001410 -0.000889 -0.000525 -0.000652 -0.000236 0.002928 0.000335 -0.000214 -0.005449 0.006892 0.008054 34.086479 33.742237 33.679161 33.490356 32.958511 33.182930 33.038311 32.689678 32.925541 33.439495 33.720818 33.659538 33.725868 33.831993 33.852406 33.847424 33.831444 33.804779 33.772858
0.001968 -0.003824 -0.000254 -0.002370 -0.003010 -0.002789 -0.003138 -0.003267 -0.002037 0.000552 0.000672 -0.000305 -0.000174 -0.000036 0.000461 -0.001717 -0.000948 -0.001627 -0.000168 -0.001439 -0.001643 -0.001831 -0.000673 -0.001241 -0.001613 -0.002331 -0.002217 -0.001638 -0.001257 -0.001550 -0.001183 -0.000335 -0.000905 -0.000476 -0.000379 0.001314 0.001068 -0.004143 0.005990 0.002508 0.001762 33.945293 33.687702 33.491432 33.358566 33.086296 33.398689 32.725124 32.426357 32.573257 33.123337 33.564255 33.630985 33.749538 33.869114 33.934872 33.924900 33.951389 33.899925 33.862980
