public/ISAM/wave_asc/wave-2024-07-20T00-00-00.asc
ncols         120
nrows         120
xllcorner     110.0
yllcorner     3.0
cellsize      0.25
NODATA_value  0.0
[rows 28 to 55 of 120, columns 0 to 62 of 120]
0.001201 0.001274 0.000858 0.000723 0.000964 0.000407 0.000478 0.000417 0.000492 0.000386 0.000771 0.001210 0.001292 0.001308 0.001354 0.001305 0.001386 0.001514 0.001670 0.001777 0.001739 0.001961 0.002097 0.002106 0.002270 0.002201 0.002118 0.001926 0.002086 0.001871 0.002173 0.002259 0.002432 0.002375 0.002795 0.002579 0.002474 0.005492 0.005241 0.339824 0.333293 0.354565 0.395774 0.475726 0.542263 0.594618 0.638518 0.645869 0.623766 0.641332 0.693386 0.740123 0.779042 0.814116 0.819751 0.816165 0.799996 0.784859 0.776781 0.783395 0.823714 0.899886 0.984015
0.001308 0.001397 0.000942 0.000422 0.000733 0.000585 0.000714 0.000660 0.000789 0.000569 0.000968 0.001093 0.001464 0.001302 0.001522 0.001239 0.001312 0.001129 0.001336 0.001261 0.001654 0.001615 0.001971 0.001946 0.001893 0.001829 0.001990 0.001806 0.002032 0.001543 0.001878 0.002196 0.002586 0.002309 0.002337 0.004301 0.003828 0.007775 0.007543 0.313935 0.334634 0.356313 0.420028 0.489733 0.567044 0.620896 0.653164 0.628688 0.590617 0.622159 0.679903 0.740324 0.814923 0.879658 0.901578 0.905691 0.904234 0.909128 0.921551 0.930913 0.959553 1.008078 1.052298
0.001165 0.001164 0.001141 0.000715 0.000998 0.000655 0.000682 0.000910 0.000721 0.000711 0.001004 0.001270 0.001520 0.001615 0.001423 0.001471 0.001223 0.001341 0.001149 0.001275 0.001213 0.001197 0.001296 0.001246 0.001408 0.001294 0.001523 0.001596 0.001931 0.001310 0.001711 0.001892 0.002203 0.001660 0.001456 0.002483 0.003490 0.308395 0.007217 0.301531 0.330270 0.387750 0.438698 0.520347 0.585252 0.635658 0.648341 0.597228 0.539589 0.578811 0.628147 0.716447 0.834871 0.926940 0.970594 0.985120 0.987234 1.002769 1.022903 1.033493 1.050928 1.074093 1.096849
0.001145 0.001220 0.001057 0.000687 0.000803 0.000819 0.000781 0.000973 0.000670 0.000734 0.001114 0.001383 0.001556 0.001680 0.001611 0.001420 0.001486 0.001068 0.001175 0.000873 0.000838 0.000718 0.001000 0.000779 0.000825 0.000970 0.001062 0.001622 0.001600 0.001419 0.001576 0.001537 0.001639 0.001242 0.001395 0.005873 0.008841 0.009449 0.305446 0.308320 0.367837 0.417531 0.477608 0.533764 0.595470 0.625842 0.624008 0.594454 0.541451 0.545383 0.622649 0.762948 0.890246 0.970029 1.007115 1.027727 1.046843 1.063174 1.080106 1.089020 1.096991 1.104244 1.110543
0.001051 0.001208 0.001057 0.000906 0.000900 0.000820 0.000950 0.000975 0.001133 0.001021 0.001224 0.001532 0.001757 0.001698 0.001758 0.001356 0.001231 0.001109 0.000984 0.000634 0.000518 0.000240 0.000347 0.000463 0.000701 0.001161 0.001584 0.001460 0.001661 0.001083 0.000816 0.001288 0.001444 0.002863 0.002560 0.007701 0.312477 0.327143 0.337116 0.379596 0.441804 0.482197 0.540701 0.587023 0.003837 0.002053 0.002451 0.001735 0.564853 0.550890 0.702465 0.863969 0.953032 0.995931 1.021596 1.060547 1.091277 1.107185 1.113523 1.106652 1.104893 1.104881 1.104332
0.000955 0.001066 0.000764 0.000535 0.000656 0.000727 0.000813 0.000934 0.000824 0.000849 0.001114 0.001148 0.001293 0.001584 0.001518 0.001204 0.001165 0.001107 0.000799 0.000604 0.000195 0.000039 0.000330 0.000418 0.001215 0.001618 0.001908 0.002245 0.001807 0.000948 0.000609 0.000822 0.002786 0.004878 0.001866 0.324854 0.338978 0.364596 0.425009 0.487478 0.531169 0.543568 0.584260 0.634088 0.003378 0.002244 0.001649 0.000677 0.564065 0.641197 0.804452 0.921424 0.986093 1.013319 1.053903 1.088764 1.112418 1.115617 1.112217 1.099137 1.094701 1.088982 1.084546
0.000797 0.001009 0.000716 0.000805 0.000772 0.001040 0.000801 0.000916 0.000920 0.000483 0.000764 0.001272 0.001050 0.001369 0.001603 0.001470 0.000874 0.000906 0.000593 0.000307 0.000046 0.000044 0.000375 0.000710 0.001559 0.001925 0.002491 0.002529 0.002888 0.002142 0.002327 0.002274 0.001702 0.355803 0.353005 0.344364 0.371879 0.435373 0.513434 0.563234 0.579699 0.586847 0.630176 0.003681 0.002291 0.002034 0.003743 0.005101 0.596586 0.751013 0.884759 0.953828 1.004175 1.038397 1.078562 1.105990 1.114734 1.113100 1.106945 1.089983 1.082329 1.074871 1.060779
0.001114 0.001107 0.000835 0.000657 0.000744 0.000693 0.000459 0.000437 0.000787 0.000599 0.000778 0.001338 0.001274 0.001137 0.001411 0.001184 0.000767 0.000906 0.000914 0.000628 0.000447 0.000742 0.001023 0.001196 0.001385 0.002144 0.001892 0.002560 0.003225 0.004104 0.004059 0.004611 0.002267 0.354126 0.356099 0.378359 0.408471 0.487447 0.553993 0.585599 0.606718 0.638048 0.674533 0.003740 0.002297 0.002174 0.003056 0.578587 0.705805 0.847599 0.921523 0.982786 1.041025 1.067703 1.094476 1.116221 1.126321 1.126778 1.116053 1.096065 1.086491 1.065224 1.036100
0.001064 0.001409 0.001172 0.001087 0.000808 0.000766 0.000863 0.001006 0.000749 0.000719 0.001084 0.001491 0.001289 0.001309 0.001494 0.001764 0.001241 0.001759 0.001345 0.001342 0.001399 0.001439 0.001627 0.001395 0.001441 0.002177 0.002572 0.003209 0.004390 0.003714 0.002091 0.331140 0.344161 0.362783 0.373701 0.402620 0.467800 0.535146 0.572265 0.595532 0.655538 0.685693 0.003285 0.002265 0.002898 0.003899 0.004525 0.598476 0.774277 0.860524 0.938953 1.013745 1.064915 1.086686 1.106000 1.125212 1.148183 1.153224 1.142835 1.124080 1.114514 1.076965 1.019937
0.000755 0.001143 0.000758 0.000581 0.000771 0.000741 0.000663 0.000918 0.000815 0.000817 0.001332 0.001756 0.001797 0.001799 0.002125 0.002062 0.001866 0.002355 0.001883 0.001580 0.001591 0.001451 0.001384 0.001193 0.001488 0.002532 0.002654 0.003644 0.003358 0.002715 0.352714 0.363159 0.372206 0.398486 0.435318 0.490794 0.526833 0.540321 0.574901 0.578534 0.673621 0.689276 0.003360 0.001489 0.002457 0.004038 0.004908 0.648835 0.803557 0.864778 0.957848 1.038244 1.075826 1.094052 1.110418 1.130707 1.162973 1.175799 1.161088 1.146856 1.140000 1.088698 1.013826
0.000893 0.001223 0.000857 0.000495 0.000750 0.000799 0.000333 0.001057 0.001124 0.001136 0.001794 0.002181 0.002189 0.001882 0.002213 0.001969 0.001974 0.001794 0.002002 0.001699 0.001749 0.001449 0.001475 0.001218 0.001303 0.002397 0.003097 0.002543 0.485217 0.458266 0.455715 0.463419 0.457760 0.479571 0.504352 0.518106 0.536531 0.535904 0.003531 0.668054 0.717203 0.003672 0.003110 0.001044 0.002529 0.002414 0.537752 0.708033 0.808943 0.891600 1.007316 1.068522 1.087747 1.090662 1.107153 1.126382 1.159581 1.179763 1.174572 1.163162 1.160240 1.105526 1.020825
0.000839 0.000856 0.000561 0.000187 0.000374 0.000338 0.000462 0.000871 0.001402 0.001604 0.002208 0.002603 0.002372 0.001933 0.002192 0.002106 0.001893 0.003135 0.002105 0.002085 0.002651 0.002762 0.003028 0.003446 0.003278 0.003551 0.002374 0.508206 0.522384 0.529150 0.565254 0.580172 0.547467 0.532038 0.537799 0.529602 0.535017 0.581721 0.005701 0.679876 0.772670 0.004320 0.003053 0.001324 0.001435 0.003015 0.632888 0.742319 0.829696 0.953881 1.058037 1.093777 1.096668 1.084811 1.099966 1.125753 1.157683 1.178878 1.186391 1.182656 1.174075 1.120540 1.036322
0.000920 0.001034 0.000932 0.000801 0.001005 0.001079 0.000866 0.001221 0.001744 0.001643 0.002162 0.002509 0.002297 0.003018 0.002376 0.002545 0.002912 0.002864 0.001504 0.001940 0.002112 0.001937 0.002547 0.001145 0.001962 0.001948 0.001719 0.550263 0.572821 0.593900 0.627339 0.645253 0.602324 0.577602 0.568995 0.554781 0.586286 0.599511 0.720867 0.750195 0.771247 0.003635 0.003764 0.001442 0.001415 0.003020 0.680429 0.762046 0.883437 1.009351 1.081136 1.101657 1.086760 1.076915 1.099438 1.131314 1.167867 1.185231 1.196321 1.198340 1.191463 1.142563 1.062989
0.001410 0.001633 0.001205 0.001239 0.001226 0.001229 0.001077 0.001595 0.001342 0.002029 0.002040 0.002502 0.001963 0.002465 0.001053 0.002122 0.003051 0.002166 0.001407 0.677098 0.001374 0.634058 0.001787 0.601171 0.594891 0.584556 0.586923 0.597864 0.620036 0.644117 0.668065 0.671827 0.654785 0.616186 0.593822 0.600178 0.661963 0.711935 0.751927 0.770632 0.765059 0.003940 0.002734 0.000758 0.001912 0.593532 0.701310 0.803445 0.927001 1.027033 1.069687 1.073607 1.056606 1.063989 1.093837 1.130284 1.169991 1.193013 1.203502 1.209230 1.201120 1.165365 1.104896
0.001758 0.001878 0.001298 0.001127 0.001128 0.001452 0.001349 0.001964 0.001744 0.001837 0.002659 0.002538 0.002268 0.002535 0.002311 0.763697 0.002483 0.001845 0.682332 0.660946 0.645066 0.631060 0.626605 0.622092 0.623698 0.624919 0.640992 0.659414 0.672360 0.677578 0.682592 0.679241 0.671988 0.670510 0.679064 0.687889 0.725435 0.749212 0.767542 0.786090 0.770202 0.749893 0.003603 0.002845 0.570385 0.557147 0.788030 0.842668 0.933156 0.998749 1.026149 1.026777 1.031619 1.056004 1.091497 1.126164 1.166093 1.193434 1.209935 1.215168 1.211240 1.188261 1.157164
0.001577 0.001740 0.001338 0.001036 0.001358 0.001574 0.001876 0.001956 0.001306 0.002653 0.002938 0.002669 0.001806 0.001951 0.001922 0.739692 0.736168 0.697588 0.679845 0.660832 0.656060 0.658939 0.663543 0.669801 0.676973 0.683272 0.692317 0.697753 0.696695 0.690206 0.690175 0.692260 0.695447 0.702901 0.724448 0.736651 0.751647 0.751040 0.762414 0.774198 0.768744 0.743954 0.724054 0.002457 0.589850 0.655120 0.814849 0.863837 0.938109 0.970420 0.990291 1.004031 1.022482 1.047428 1.084883 1.121170 1.153462 1.180166 1.200131 1.208530 1.209394 1.192809 1.175160
0.002042 0.001718 0.001147 0.001353 0.001573 0.001654 0.001556 0.002051 0.002443 0.003204 0.002589 0.003098 0.763456 0.748158 0.727529 0.711893 0.691165 0.001048 0.673592 0.674198 0.680122 0.688399 0.695800 0.699975 0.705922 0.707260 0.708948 0.708278 0.704890 0.700631 0.705095 0.713644 0.720768 0.729923 0.741600 0.743628 0.741708 0.728835 0.733038 0.740092 0.750729 0.753147 0.742982 0.000795 0.597760 0.769957 0.888895 0.902489 0.964475 0.977144 0.992840 1.005222 1.014652 1.032596 1.070642 1.112204 1.142398 1.165602 1.192056 1.199158 1.208210 1.202057 1.197785
0.002171 0.002064 0.000930 0.000961 0.000710 0.001304 0.001625 0.002473 0.712737 0.003176 0.730915 0.733971 0.713961 0.691621 0.676199 0.681391 0.679513 0.674971 0.679896 0.690668 0.703758 0.712333 0.711526 0.711927 0.712981 0.714279 0.715370 0.713626 0.711938 0.712933 0.719590 0.724226 0.727940 0.731036 0.734273 0.728340 0.717154 0.700781 0.704862 0.727160 0.760902 0.787525 0.777119 0.741165 0.781267 0.837661 0.880321 0.923683 0.977346 1.002337 1.013994 1.019200 1.023474 1.032323 1.061530 1.100153 1.122496 1.135641 1.156657 1.166877 1.174361 1.175732 1.179738
0.001998 0.001221 0.000609 0.001495 0.001654 0.660638 0.665785 0.671294 0.675966 0.685417 0.690386 0.692581 0.665292 0.662127 0.663529 0.668842 0.679666 0.687919 0.697311 0.704842 0.717622 0.721711 0.716382 0.712189 0.712248 0.712420 0.713012 0.714481 0.716271 0.713887 0.711497 0.709761 0.708767 0.706735 0.706251 0.697493 0.682866 0.667184 0.675791 0.717683 0.773364 0.814360 0.823375 0.827583 0.834049 0.799282 0.773277 0.827163 0.943013 1.018589 1.043597 1.051081 1.057857 1.060560 1.077030 1.095357 1.106252 1.107148 1.121040 1.130822 1.144117 1.149172 1.158006
0.001223 0.001682 0.001438 0.670777 0.656663 0.642784 0.633052 0.633253 0.647386 0.653056 0.656327 0.660926 0.659573 0.658485 0.661942 0.676680 0.697890 0.711554 0.718055 0.715945 0.722044 0.719428 0.712716 0.708129 0.704387 0.700059 0.701695 0.704614 0.705993 0.696745 0.686598 0.679892 0.680719 0.679313 0.679686 0.672882 0.660728 0.643562 0.653620 0.700390 0.760216 0.806242 0.821701 0.831247 0.807092 0.723099 0.660711 0.705768 0.854885 1.004355 1.052477 1.075026 1.094190 1.098061 1.097692 1.096375 1.092408 1.085393 1.089541 1.103426 1.126160 1.138552 1.149686
0.003025 0.699688 0.001133 0.674706 0.652829 0.630772 0.618858 0.622733 0.634834 0.646179 0.655133 0.665216 0.670435 0.672451 0.681371 0.702724 0.723412 0.732388 0.729654 0.719473 0.715609 0.705953 0.704162 0.700325 0.694728 0.684953 0.678973 0.679747 0.681623 0.669921 0.655979 0.647058 0.646605 0.650901 0.656985 0.654721 0.645371 0.634111 0.635131 0.666330 0.705853 0.745620 0.773386 0.797159 0.798146 0.727003 0.658716 0.698456 0.789017 0.949282 1.049557 1.100639 1.132390 1.133807 1.125469 1.102981 1.085388 1.070495 1.073374 1.083662 1.115004 1.130260 1.142515
0.003790 0.001929 0.678002 0.669175 0.647704 0.624183 0.612163 0.632068 0.655968 0.677593 0.689283 0.702523 0.709464 0.713461 0.719954 0.728885 0.736605 0.736377 0.728134 0.712224 0.699047 0.686590 0.683034 0.679844 0.678096 0.676305 0.670187 0.665361 0.657724 0.642160 0.627099 0.614343 0.610182 0.615901 0.629168 0.635737 0.632310 0.622393 0.615935 0.618218 0.622048 0.640282 0.675327 0.719841 0.775474 0.794643 0.760124 0.761689 0.766134 0.930053 1.053313 1.109981 1.145004 1.157757 1.147030 1.116826 1.080821 1.055905 1.058139 1.067744 1.095217 1.112413 1.120230
0.001678 0.001922 0.681252 0.670362 0.646721 0.625758 0.632648 0.667267 0.688808 0.706868 0.717411 0.728656 0.736536 0.739479 0.738237 0.735680 0.735734 0.732114 0.717210 0.695624 0.673489 0.660146 0.654135 0.645492 0.641395 0.641513 0.642167 0.638760 0.627870 0.611510 0.595194 0.582867 0.576234 0.582619 0.597256 0.608607 0.613861 0.611132 0.602667 0.589041 0.567393 0.555512 0.592003 0.645739 0.697349 0.747218 0.779876 0.784597 0.000882 0.937589 1.056298 1.103568 1.138969 1.159715 1.158180 1.131266 1.088835 1.054276 1.047516 1.051384 1.071602 1.082915 1.085641
0.683414 0.677334 0.658004 0.654292 0.644481 0.626759 0.655096 0.685332 0.700000 0.716146 0.725600 0.734052 0.739306 0.738983 0.737212 0.734597 0.728854 0.716903 0.697228 0.668933 0.644228 0.632421 0.625860 0.612056 0.603905 0.599283 0.597611 0.596627 0.590180 0.574717 0.560694 0.550238 0.549388 0.559059 0.573458 0.587345 0.598424 0.602178 0.598472 0.586156 0.569047 0.559293 0.573165 0.608502 0.653449 0.685240 0.716202 0.761081 0.883490 0.948136 1.040620 1.096300 1.131907 1.154202 1.152603 1.130087 1.089310 1.046201 1.028482 1.027363 1.036951 1.040355 1.036149
0.667059 0.002627 0.002244 0.003143 0.645876 0.640584 0.669945 0.687777 0.699398 0.712564 0.721753 0.727820 0.732184 0.732672 0.729582 0.722602 0.709099 0.692542 0.666951 0.635902 0.614352 0.604330 0.597314 0.584938 0.574521 0.567966 0.562576 0.559137 0.553600 0.543992 0.533537 0.529366 0.535325 0.552752 0.570344 0.587187 0.605617 0.615631 0.615702 0.606891 0.596314 0.588186 0.590291 0.602272 0.626254 0.659711 0.678024 0.706333 0.791260 0.910471 1.014671 1.075545 1.115629 1.141870 1.145481 1.122620 1.088441 1.040396 1.014732 1.003998 1.008711 1.005003 0.998150
-0.001040 0.001289 0.002272 0.001979 0.637467 0.653104 0.670567 0.682939 0.690392 0.700911 0.708040 0.713945 0.717752 0.717684 0.712358 0.701181 0.682874 0.661564 0.634814 0.608869 0.591340 0.582892 0.572514 0.560013 0.550112 0.545007 0.542439 0.540242 0.535390 0.528056 0.521886 0.522499 0.537975 0.560802 0.584485 0.608266 0.632034 0.647648 0.653006 0.639188 0.623654 0.614166 0.612309 0.614282 0.621287 0.651461 0.683463 0.710759 0.766396 0.886567 0.997604 1.053192 1.091969 1.118145 1.122490 1.101626 1.069970 1.025557 0.993849 0.978405 0.978384 0.973400 0.966776
0.001067 0.000963 0.000512 0.003081 0.636195 0.659776 0.666540 0.672046 0.676647 0.682678 0.687270 0.695043 0.699560 0.699774 0.690644 0.674595 0.653461 0.632131 0.609125 0.590131 0.579226 0.569518 0.559053 0.547038 0.537958 0.533131 0.531174 0.530848 0.527947 0.524646 0.522655 0.526878 0.542943 0.567091 0.597312 0.630737 0.662117 0.681487 0.681112 0.662790 0.646612 0.635764 0.633890 0.633439 0.632249 0.658692 0.680522 0.700728 0.753488 0.856978 0.977361 1.032844 1.068105 1.092273 1.096568 1.076630 1.046129 1.005741 0.974388 0.960619 0.956914 0.950772 0.941236
0.002061 0.001426 0.001476 0.631118 0.646555 0.660215 0.659961 0.658499 0.662478 0.661676 0.666023 0.672655 0.677469 0.676719 0.666987 0.649836 0.629015 0.611453 0.595820 0.582309 0.572471 0.562284 0.552558 0.542951 0.537331 0.532176 0.530569 0.530650 0.529934 0.525499 0.522197 0.526160 0.539215 0.563956 0.601281 0.641991 0.679699 0.697108 0.691081 0.672014 0.657949 0.649905 0.647873 0.643179 0.639028 0.666716 0.679103 0.693178 0.731858 0.819001 0.946286 1.002687 1.032157 1.053408 1.057654 1.039561 1.009660 0.970659 0.947840 0.939326 0.933505 0.926728 0.913441
