public/ISAM/wave_asc/wave-2024-07-20T00-00-00.asc
ncols         120
nrows         120
xllcorner     110.0
yllcorner     3.0
cellsize      0.25
NODATA_value  0.0
[rows 84 to 111 of 120, columns 0 to 62 of 120]
0.625909 0.664874 0.698609 0.721625 0.739713 0.751449 0.764369 0.769308 0.776202 0.778405 0.775737 0.769802 0.763738 0.755003 0.740983 0.726630 0.714010 0.705530 0.702583 0.704321 0.710194 0.714367 0.717761 0.718964 0.717542 0.716894 0.718645 0.717336 0.715203 0.720631 0.724108 0.714997 0.698492 0.682303 0.673649 0.671870 0.681645 0.691081 0.692743 0.697717 0.002132 0.000541 0.715438 0.714351 0.714399 0.712522 0.702781 0.694949 0.698470 0.698069 0.687070 0.677183 0.677639 0.002134 0.683829 0.000068 0.000389 0.666769 0.667349 -0.000555 -0.000105 -0.002545 0.789807
0.635630 0.686960 0.720525 0.733313 0.738663 0.747679 0.752657 0.753081 0.755955 0.756285 0.754459 0.751757 0.749588 0.742889 0.734652 0.724522 0.714302 0.707632 0.705522 0.707376 0.713673 0.717596 0.720802 0.721623 0.719174 0.717061 0.717747 0.716816 0.711371 0.709270 0.707034 0.692923 0.675464 0.666453 0.669172 0.675870 0.687649 0.701124 0.700519 0.699742 0.001253 0.717250 0.712179 0.713989 0.712737 0.714443 0.712947 0.694880 0.700245 0.000048 0.701830 0.696548 0.694262 0.687061 0.679110 0.677182 0.670330 0.674474 0.670148 0.665917 -0.000289 -0.001121 0.805053
0.646667 0.700660 0.730106 0.731632 0.730861 0.734140 0.732705 0.729289 0.730145 0.730538 0.732245 0.733545 0.733823 0.732283 0.725978 0.719829 0.712673 0.709592 0.708722 0.707949 0.713954 0.718684 0.722531 0.724659 0.722767 0.720275 0.719371 0.716740 0.711658 0.703902 0.694876 0.680749 0.668418 0.664226 0.672380 0.683564 0.695877 0.704551 0.709130 0.708754 0.713657 0.712493 0.706449 0.709459 0.709312 0.711532 0.716808 0.706924 0.706587 0.001452 0.001953 0.001182 0.698018 0.701104 0.690348 0.683231 0.678532 0.680250 0.000668 0.679477 0.000271 -0.001578 0.805434
0.654182 0.708526 0.730823 0.722341 0.719229 0.716272 0.708834 0.703036 0.704431 0.706930 0.711232 0.715903 0.720676 0.722411 0.719970 0.714981 0.710522 0.709202 0.709685 0.709675 0.714422 0.718738 0.725316 0.727642 0.723745 0.720171 0.719462 0.715498 0.710176 0.699105 0.685692 0.673433 0.667933 0.669073 0.678818 0.688745 0.695901 0.705554 0.001398 0.710203 0.719235 0.709746 0.706648 0.708026 0.706394 0.708166 0.714270 0.711642 0.714281 0.001743 0.000938 0.000202 0.000502 0.692525 0.699518 0.000685 -0.000859 0.679254 -0.000473 -0.000541 -0.000010 -0.002113 -0.000289
0.665750 0.715217 0.728352 0.712803 0.706298 0.699240 0.688801 0.681842 0.681000 0.683641 0.691261 0.701303 0.708396 0.712279 0.711482 0.708699 0.705047 0.705577 0.710536 0.713090 0.716779 0.719305 0.724637 0.725638 0.722954 0.720822 0.718860 0.715445 0.709596 0.696150 0.682423 0.673465 0.669755 0.676969 0.691088 0.700013 0.698210 0.708579 0.002803 0.002199 0.711304 0.707054 0.706438 0.708166 0.709482 0.709789 0.718325 0.718345 0.719941 0.001073 0.000261 -0.000492 0.699710 0.699604 0.701466 0.703242 0.000962 0.685420 0.000202 -0.000395 0.000077 0.709653 0.717235
0.679755 0.724224 0.727721 0.707443 0.694373 0.684685 0.672182 0.660306 0.657159 0.661028 0.672455 0.686268 0.696132 0.702257 0.705518 0.703722 0.702704 0.703821 0.710877 0.715413 0.718837 0.720676 0.723671 0.724293 0.722806 0.721670 0.719745 0.713698 0.705261 0.696527 0.679908 0.669926 0.671422 0.681660 0.696795 0.703568 0.704546 0.703602 0.002180 0.720944 0.714950 0.700318 0.703350 0.707679 0.712093 0.716801 0.724671 0.723460 0.001370 0.003151 -0.000409 0.696352 0.001736 0.001102 -0.000935 0.707904 0.001299 0.687265 0.000464 0.688812 0.723409 0.707636 0.696377
0.707200 0.734510 0.730008 0.706868 0.689416 0.675627 0.660948 0.646511 0.642987 0.649048 0.662387 0.677162 0.690334 0.701204 0.705209 0.705847 0.704875 0.707053 0.712777 0.718624 0.721726 0.722765 0.726742 0.725725 0.724778 0.721918 0.718942 0.714453 0.707210 0.698507 0.686761 0.678031 0.680594 0.690420 0.698665 0.700562 0.701150 0.701716 0.002579 0.002364 0.709897 0.699030 0.697602 0.703649 0.712983 0.723093 0.725173 0.720838 0.000630 0.717689 0.719946 0.705120 0.001541 0.001344 0.703155 0.000744 0.001111 0.694367 0.693989 0.692411 0.001728 0.706387 0.683700
0.727189 0.739205 0.731003 0.709051 0.687601 0.673516 0.656598 0.643417 0.643878 0.650866 0.663777 0.676852 0.688076 0.699961 0.708012 0.709877 0.708870 0.711325 0.716126 0.721319 0.722657 0.723750 0.727832 0.727156 0.727401 0.724463 0.719400 0.716102 0.710061 0.700949 0.692132 0.687225 0.688200 0.696026 0.700966 0.700229 0.002426 0.002031 0.723425 0.719768 0.704703 0.691591 0.688386 0.695704 0.710140 0.717205 0.721744 0.716293 0.714812 0.723152 0.719645 0.732006 0.001733 0.002316 0.706038 0.000753 0.002127 0.709787 0.706451 0.691315 0.686842 0.001355 0.000021
0.734809 0.741544 0.732246 0.712073 0.686966 0.676851 0.661277 0.649887 0.651007 0.657890 0.670169 0.684300 0.694999 0.704241 0.711814 0.712917 0.711852 0.713417 0.719497 0.724079 0.725531 0.725917 0.728611 0.728305 0.727664 0.724730 0.721056 0.718085 0.711671 0.703769 0.696790 0.693212 0.696812 0.703672 0.701298 0.701901 0.001586 0.709139 0.711454 0.703036 0.692088 0.683435 0.681997 0.687672 0.699943 0.709514 0.715459 0.715827 0.719867 0.720956 0.719379 0.733495 0.001574 0.721128 0.001774 0.716486 0.714335 0.000183 0.000777 0.691066 0.692392 0.000401 0.667826
0.746507 0.748616 0.737768 0.719396 0.691758 0.681991 0.670120 0.660820 0.663309 0.671260 0.682517 0.694359 0.702565 0.709251 0.715440 0.715400 0.713609 0.713472 0.718400 0.722317 0.726784 0.727769 0.731364 0.732020 0.729450 0.725118 0.718989 0.716695 0.713881 0.708233 0.702844 0.699541 0.705153 0.709575 0.705862 0.714417 0.706974 0.695153 0.690974 0.693111 0.690791 0.683874 0.680799 0.684079 0.688175 0.696987 0.704906 0.712042 0.716700 0.717376 -0.000225 0.001334 0.000585 0.722623 0.000487 0.706543 -0.000353 0.000259 0.000965 0.691664 0.690611 0.681428 0.000013
0.763393 0.760368 0.745252 0.728456 0.704505 0.691263 0.683325 0.678896 0.681369 0.687097 0.696065 0.704850 0.708102 0.710186 0.718375 0.719423 0.714436 0.710941 0.715083 0.722718 0.725958 0.728491 0.734333 0.736233 0.731544 0.724039 0.714334 0.711300 0.712000 0.710430 0.709012 0.711198 0.705571 0.708798 0.000896 0.711762 0.707623 0.699273 0.706881 0.711575 0.710440 0.700224 0.691965 0.685793 0.686432 0.690739 0.693641 0.702689 0.711250 0.718943 0.719601 0.002278 0.000939 0.719449 0.715860 0.699760 0.699080 0.694727 0.699565 0.693750 0.681803 0.675684 -0.000462
0.774537 0.769736 0.749788 0.732585 0.712013 0.700270 0.694075 0.692584 0.697346 0.700059 0.708018 0.712562 0.716620 0.719000 0.721993 0.722373 0.717781 0.712673 0.715668 0.720398 0.724293 0.728045 0.734929 0.738811 0.735677 0.725609 0.714651 0.711157 0.711020 0.710722 0.714794 0.713029 0.001704 0.001310 0.716547 0.721709 0.727653 0.728853 0.736046 0.736168 0.734267 0.723704 0.709555 0.694531 0.684717 0.680331 0.677048 0.686049 0.701120 0.713270 0.719775 0.720407 0.000383 0.001107 0.000553 0.691279 0.692582 0.685599 0.691098 0.687572 0.680976 0.674903 0.687168
0.778954 0.770397 0.749893 0.728689 0.712438 0.707811 0.700529 0.702340 0.708814 0.709638 0.714441 0.718016 0.719673 0.722338 0.725241 0.725616 0.725064 0.719709 0.719141 0.720272 0.722532 0.726340 0.731774 0.736584 0.735992 0.729820 0.721602 0.717741 0.712801 0.714926 0.715091 0.001191 0.001456 0.722658 0.735421 0.740843 0.748147 0.751912 0.757121 0.756110 0.752470 0.739999 0.722580 0.702836 0.683858 0.673355 0.668299 0.675700 0.691194 0.711520 0.720418 0.721197 0.710813 0.706171 0.700096 0.689617 0.679677 0.680889 0.689792 0.695181 0.697819 0.001286 0.001055
0.775548 0.767556 0.747079 0.727806 0.717585 0.713110 0.706313 0.709592 0.716260 0.714758 0.717592 0.720362 0.722319 0.725120 0.728634 0.726425 0.726300 0.725436 0.722407 0.720274 0.720822 0.722072 0.725984 0.729948 0.730385 0.728470 0.725198 0.722012 0.718319 0.711084 0.000746 0.000351 0.724523 0.733383 0.740478 0.750730 0.759708 0.765264 0.769371 0.766218 0.759751 0.747240 0.729606 0.709328 0.686114 0.670705 0.663865 0.668859 0.685667 0.708844 0.722808 0.715156 0.716456 0.709914 0.708415 0.697384 0.684994 0.697059 0.702390 0.706606 0.001627 0.001031 -0.000156
0.767071 0.758875 0.742510 0.729029 0.722386 0.718164 0.711722 0.715655 0.722577 0.721580 0.723073 0.723163 0.722505 0.726943 0.730953 0.729599 0.726021 0.725531 0.726552 0.722472 0.721620 0.721885 0.726008 0.730282 0.729426 0.725661 0.724147 0.723274 0.722108 0.000866 0.725520 0.725186 0.732308 0.738167 0.746174 0.756140 0.765512 0.771529 0.774438 0.771057 0.762849 0.751135 0.734006 0.712290 0.688230 0.671729 0.666353 0.671252 0.687792 0.705587 0.719166 0.715124 0.720239 0.002411 0.001835 -0.000466 0.717917 0.719587 0.001621 0.001833 0.001411 0.001366 0.001464
0.754088 0.750366 0.737181 0.728512 0.723311 0.720356 0.716275 0.721857 0.728588 0.726430 0.726822 0.723901 0.724728 0.727619 0.731405 0.731223 0.730216 0.726056 0.727661 0.723410 0.719200 0.720296 0.728824 0.733776 0.732684 0.727490 0.723220 0.720539 0.723105 0.000369 0.732032 0.737607 0.738874 0.740886 0.746290 0.755529 0.768340 0.773789 0.776015 0.771538 0.763695 0.752640 0.735242 0.713310 0.691246 0.674682 0.671238 0.676389 0.691283 0.707747 0.716975 0.714712 0.721535 0.001949 -0.000378 -0.000230 0.714652 0.000666 0.001319 0.001562 0.002050 0.001935 0.002346
0.746938 0.744713 0.733057 0.727549 0.723907 0.723824 0.721197 0.725268 0.732452 0.731921 0.732088 0.728989 0.728955 0.728149 0.731744 0.731837 0.732649 0.729423 0.726413 0.721706 0.719253 0.716385 0.723449 0.730960 0.734659 0.731854 0.726105 0.723864 -0.000484 0.737264 0.742857 0.743298 0.741813 0.738888 0.746337 0.755752 0.765393 0.770580 0.773279 0.770049 0.761539 0.750735 0.735674 0.715602 0.695515 0.680356 0.678713 0.682103 0.688856 0.707636 0.001807 0.000870 0.002806 0.001457 -0.000563 -0.000006 0.002564 0.001592 0.001522 0.001580 0.001964 0.002143 0.001948
0.743851 0.740523 0.729902 0.725540 0.724910 0.725503 0.723812 0.727924 0.739073 0.740425 0.739785 0.734402 0.732930 0.730571 0.731775 0.732598 0.733691 0.732411 0.728417 0.719921 0.718585 0.711112 0.711326 0.720542 0.732867 0.735720 0.730570 0.725612 0.734093 0.738232 0.741701 0.745410 0.741969 0.737551 0.742629 0.752076 0.759665 0.763963 0.767124 0.763676 0.759196 0.748218 0.734323 0.715632 0.700106 0.685452 0.684046 0.683215 0.688408 0.001810 0.001168 0.683576 0.002375 0.001409 0.680829 0.685229 -0.001058 0.000167 0.000764 0.001404 0.001208 0.002319 0.001235
0.743663 0.739776 0.727957 0.726785 0.727482 0.728713 0.727485 0.731848 0.744125 0.746895 0.746223 0.739502 0.735615 0.730368 0.728891 0.730500 0.736111 0.734085 0.730920 0.724721 0.718366 0.709198 0.706648 0.717465 0.729950 0.735252 0.735697 0.732248 0.736607 0.737060 0.737263 0.738001 0.735872 0.731548 0.736692 0.745545 0.754436 0.754500 0.758081 0.754873 0.750449 0.743326 0.731951 0.718590 0.706929 0.697250 0.691445 0.685128 0.693870 0.002147 0.672248 0.672977 0.672194 0.668783 0.670484 0.667615 0.674716 -0.000101 0.000612 0.001186 0.001649 0.002054 0.000944
0.744697 0.740543 0.729792 0.728009 0.729356 0.732045 0.732093 0.740393 0.751340 0.751809 0.751249 0.743304 0.736245 0.727186 0.720676 0.721334 0.728614 0.729550 0.729348 0.723535 0.717530 0.709508 0.707550 0.712668 0.728326 0.734554 0.739533 0.738491 0.740525 0.001135 0.729264 0.728655 0.725149 0.729007 0.732726 0.738475 0.748426 0.746814 0.746709 0.743387 0.742001 0.735960 0.727630 0.717876 0.708077 0.699609 0.693318 0.685677 0.001077 0.001697 0.668201 0.660691 0.654947 0.655857 0.656980 0.655689 0.665343 0.000747 0.001087 0.001486 0.001933 0.001400 0.001289
0.744767 0.743126 0.732729 0.730311 0.734755 0.739289 0.738866 0.745004 0.752638 0.752689 0.753313 0.747078 0.738646 0.728807 0.721752 0.719622 0.723911 0.726877 0.726440 0.721494 0.717829 0.710572 0.708496 0.709620 0.724758 0.734031 0.739452 0.001493 0.747366 0.741203 0.729038 0.724405 0.725680 0.722344 -0.001613 0.728173 0.735734 0.733918 0.733980 0.730994 0.729981 0.729957 0.726849 0.718208 0.713600 0.705880 0.696088 0.694371 0.003172 0.664870 0.663389 0.660155 0.656270 0.655423 0.656890 0.653089 0.657624 0.000744 0.001017 0.001825 0.001747 0.000921 0.706012
0.745617 0.746191 0.740287 0.736487 0.739178 0.742334 0.739363 0.742313 0.750259 0.751463 0.754503 0.749290 0.740821 0.729235 0.722093 0.717605 0.718764 0.721700 0.724483 0.720253 0.718469 0.717430 0.714220 0.717704 0.728655 0.734652 0.751436 0.000817 0.755058 0.001743 0.730607 0.722814 0.724126 0.719496 0.720747 0.717755 0.721851 0.719572 0.721169 0.721081 0.718616 0.720604 0.724070 0.719286 0.713152 0.703930 0.696162 0.689996 0.002321 0.664839 0.668715 0.663687 0.658841 0.655899 0.652635 0.644532 0.658270 0.000969 0.000955 0.001348 0.001041 0.001932 0.705339
0.750770 0.749917 0.745135 0.743969 0.745376 0.745993 0.739470 0.741321 0.748116 0.747989 0.755016 0.752808 0.743324 0.730710 0.720581 0.713601 0.710031 0.711560 0.716144 0.716895 0.714418 0.720272 0.724127 0.726750 0.735249 0.741304 0.751379 0.001291 0.002388 0.001931 0.000890 0.725746 0.724344 0.714846 0.716769 0.702342 0.699628 0.701193 0.706060 0.712786 0.715378 0.714908 0.714128 0.710325 0.705553 0.697176 0.689527 0.677508 0.001408 0.663540 0.670058 0.667618 0.664887 0.661910 0.653253 0.651592 0.659218 0.000173 -0.000392 0.001679 0.000202 0.001370 0.001999
0.754009 0.753174 0.749775 0.748563 0.750364 0.749967 0.743837 0.743911 0.748845 0.746190 0.752365 0.755527 0.746895 0.733903 0.719967 0.710527 0.706095 0.702397 0.707667 0.711651 0.716065 0.722887 0.729368 0.731198 0.740965 0.001320 0.002575 0.001322 0.001776 0.002668 0.000722 0.731399 0.726356 0.716885 0.711108 0.698265 0.686599 0.684178 0.693299 0.704763 0.713485 0.711773 0.707418 0.697357 0.703177 0.694685 0.685165 0.677856 0.660693 0.660839 0.667787 0.670760 0.670582 0.667452 0.662033 0.662895 0.662731 0.000927 0.000761 -0.000002 -0.000107 0.000972 0.001321
0.754777 0.754154 0.750822 0.750766 0.752902 0.753736 0.750655 0.750024 0.752992 0.748995 0.752496 0.754734 0.749755 0.735732 0.720426 0.708937 0.703625 0.701545 0.705978 0.712375 0.722232 0.731304 0.738557 0.741957 0.741546 0.002240 0.002448 0.002061 0.001931 0.001624 0.001684 0.736628 0.001814 0.718979 0.717079 0.705087 0.683692 0.682371 0.690116 0.701877 0.706615 0.701976 0.695093 0.693297 0.000582 0.000540 0.679098 0.662801 0.657925 0.656503 0.658435 0.668139 0.675690 0.675079 0.670581 0.668386 0.662862 0.651157 0.646515 0.000674 0.001407 0.657845 0.002542
0.754049 0.752638 0.747244 0.745808 0.748174 0.750853 0.749289 0.750088 0.753432 0.748968 0.750033 0.750398 0.746905 0.733760 0.719674 0.706281 0.700217 0.700204 0.706108 0.711913 0.727765 0.732049 0.743846 0.744269 0.002170 0.002760 0.002725 0.001642 0.001147 0.001401 0.001885 0.001831 0.763781 0.000772 0.723923 0.713595 0.699803 0.695095 0.697137 0.701633 0.705852 0.701774 0.692934 0.692621 0.000770 0.678076 0.675480 0.668915 0.662478 0.660861 0.658687 0.663458 0.677226 0.682268 0.679442 0.678478 0.673244 0.664711 0.651328 0.650683 0.653250 0.664366 0.685141
0.755706 0.751915 0.745650 0.743718 0.746235 0.748314 0.747848 0.750991 0.754159 0.748827 0.750305 0.748356 0.745169 0.736288 0.722018 0.707321 0.702065 0.702597 0.709831 0.722180 0.731251 0.740025 0.746304 0.002503 0.002804 0.002414 0.002486 0.001542 0.001218 0.001195 0.001870 0.001608 0.000359 0.000034 0.000967 -0.000225 0.699526 0.696710 0.696414 0.697607 0.705778 0.698789 0.693208 0.000430 0.667495 0.678332 0.676980 0.673850 0.671325 0.669933 0.670989 0.672179 0.673882 0.680257 0.681216 0.680665 0.676023 0.675071 0.666264 0.663792 0.665399 0.664294 0.002289
0.754978 0.750130 0.742554 0.740832 0.744538 0.750317 0.752461 0.753238 0.754991 0.749694 0.749624 0.746930 0.745455 0.739280 0.726690 0.713378 0.706954 0.710290 0.723531 0.732793 0.738249 0.740720 0.000967 0.002485 0.002790 0.002208 0.001589 0.001550 0.001357 0.001441 0.001630 0.002207 0.001644 0.002646 0.002761 0.001669 0.000561 0.688767 0.692523 0.697874 0.696591 0.000429 0.680977 0.675653 0.676241 0.677956 0.677703 0.671375 0.671264 0.673155 0.673591 0.672561 0.667667 0.670173 0.671492 0.669616 0.669287 0.671966 0.668703 0.669099 0.662511 0.655695 0.647915
