public/ISAM/wave_asc/wave-2024-07-20T00-00-00.asc
ncols         120
nrows         120
xllcorner     110.0
yllcorner     3.0
cellsize      0.25
NODATA_value  0.0
[rows 56 to 83 of 120, columns 0 to 62 of 120]
0.001899 0.001472 0.626848 0.641017 0.646548 0.654853 0.654247 0.650111 0.646383 0.642055 0.642221 0.643658 0.647650 0.649351 0.644729 0.632968 0.618762 0.608337 0.601085 0.593693 0.588530 0.581567 0.573932 0.568108 0.566092 0.560770 0.552472 0.544971 0.538093 0.531679 0.525087 0.525102 0.531500 0.553099 0.591617 0.637501 0.679725 0.701508 0.695538 0.678546 0.664927 0.653540 0.652450 0.656135 0.660778 0.677359 0.675376 0.702292 0.721303 0.787949 0.916975 0.974481 1.000543 1.016816 1.020931 1.000565 0.968413 0.934874 0.918251 0.911942 0.903853 0.895414 0.882879
0.001440 0.002230 0.631078 0.630230 0.632605 0.637995 0.632717 0.627551 0.625144 0.618287 0.610888 0.608190 0.611571 0.618003 0.621105 0.621356 0.619468 0.620553 0.624156 0.626900 0.631654 0.633245 0.634050 0.632998 0.632026 0.623923 0.608670 0.583698 0.560043 0.544986 0.532981 0.529179 0.531699 0.547882 0.581701 0.626484 0.670113 0.699788 0.704475 0.692556 0.685603 0.683824 0.699703 0.707235 0.713415 0.708125 0.703465 0.707006 0.721468 0.754195 0.877684 0.955407 0.978781 0.994368 0.991700 0.971435 0.935689 0.903159 0.888875 0.880655 0.868165 0.857988 0.850420
0.626350 0.625139 0.610052 0.600537 0.611161 0.616237 0.613370 0.607037 0.602515 0.590782 0.574639 0.568877 0.574529 0.584536 0.596740 0.608354 0.616911 0.626276 0.638534 0.652412 0.667799 0.676035 0.681400 0.682446 0.684639 0.679813 0.665878 0.637915 0.599768 0.566562 0.547680 0.539527 0.540308 0.552116 0.580897 0.619611 0.658269 0.693453 0.711762 0.713957 0.718445 0.719944 0.736237 0.002704 0.003145 0.000853 0.738482 0.728837 0.732303 0.737404 0.843185 0.944974 0.970169 0.981091 0.975659 0.950880 0.917735 0.882750 0.866541 0.856576 0.838464 0.825046 0.823663
0.628809 0.616253 0.577913 0.568439 0.597338 0.608187 0.599892 0.591979 0.583364 0.564679 0.543923 0.531455 0.531369 0.541926 0.560675 0.582848 0.602538 0.621249 0.643834 0.668599 0.690884 0.701273 0.708509 0.711202 0.716204 0.713324 0.703050 0.680829 0.646653 0.603815 0.569492 0.557713 0.555990 0.566660 0.591988 0.624084 0.657495 0.687699 0.710439 0.722015 0.737145 0.744107 0.765767 0.002535 0.002882 0.001313 0.001456 0.002004 0.001267 0.000139 0.841342 0.934559 0.962347 0.967569 0.963265 0.936631 0.902104 0.868710 0.853552 0.835423 0.814530 0.807256 0.819639
0.627205 0.626262 0.603148 0.598510 0.612665 0.617940 0.605070 0.584367 0.571291 0.549063 0.530114 0.515815 0.511422 0.515135 0.531315 0.560157 0.591157 0.617356 0.646865 0.677828 0.702592 0.716438 0.725924 0.730563 0.734162 0.732378 0.726447 0.713545 0.686770 0.648362 0.608945 0.587416 0.582906 0.592598 0.614051 0.640906 0.670169 0.702475 0.724725 0.735125 0.751922 0.758225 0.774666 0.002741 0.002833 0.001693 0.002156 0.002563 0.000615 0.738083 0.828429 0.924683 0.956209 0.954098 0.950534 0.926218 0.889078 0.857095 0.840348 0.823790 0.815148 0.822591 0.844549
0.636177 0.634436 0.627389 0.628470 0.636554 0.642414 0.629802 0.605316 0.576402 0.548102 0.531197 0.517864 0.512432 0.516312 0.529321 0.558711 0.593635 0.621309 0.648671 0.680982 0.705172 0.720998 0.733977 0.737554 0.739599 0.738433 0.736837 0.729967 0.713123 0.687605 0.655376 0.631907 0.623661 0.630505 0.645708 0.668561 0.701457 0.736040 0.755510 0.759473 0.763277 0.762445 0.001445 0.002801 0.002552 0.002276 0.002181 0.003547 0.001678 0.735230 0.799340 0.902058 0.945139 0.942612 0.936281 0.916632 0.879673 0.846899 0.831462 0.829690 0.839199 0.852156 0.870313
0.636628 0.636905 0.641603 0.656120 0.671809 0.679907 0.672434 0.650988 0.619787 0.587024 0.563965 0.550012 0.550544 0.558904 0.574257 0.594749 0.617896 0.634983 0.653098 0.682122 0.704038 0.720369 0.734362 0.738381 0.736283 0.733421 0.730999 0.729646 0.720179 0.706235 0.686142 0.669664 0.662820 0.666650 0.678601 0.702608 0.738867 0.764338 0.774701 0.772522 0.766343 0.763812 -0.000137 0.001879 0.002313 0.002460 0.002546 0.002667 0.001382 0.744377 0.771096 0.885835 0.936199 0.936302 0.925866 0.904407 0.874232 0.844157 0.833574 0.838731 0.852427 0.866735 0.881230
0.642574 0.654772 0.677871 0.698547 0.716021 0.721868 0.713516 0.696933 0.677660 0.656729 0.641164 0.631407 0.632905 0.637108 0.640411 0.647004 0.651984 0.653870 0.662549 0.688214 0.708729 0.722845 0.737234 0.741553 0.735788 0.727233 0.722382 0.721275 0.717156 0.707366 0.695686 0.687152 0.685190 0.688987 0.706079 0.733872 0.761407 0.774519 0.781729 0.776819 0.768895 0.759607 0.000348 0.002039 0.002751 0.002447 0.002357 0.002484 0.002048 0.000674 0.739448 0.866060 0.930703 0.933946 0.919346 0.898507 0.872895 0.849913 0.834829 0.829444 0.844736 0.864651 0.878871
0.673532 0.704265 0.727548 0.743245 0.755558 0.753899 0.739460 0.729524 0.719382 0.708330 0.697701 0.691208 0.692079 0.692904 0.693252 0.689340 0.681150 0.673236 0.677526 0.699974 0.717319 0.728921 0.744069 0.749277 0.743510 0.733123 0.723588 0.718607 0.713673 0.706440 0.694976 0.689429 0.687318 0.699233 0.723253 0.744995 0.766356 0.777036 0.780542 0.779428 0.772193 0.762320 0.000515 0.002342 0.003186 0.002366 0.002684 0.002999 0.001429 -0.000125 0.797321 0.859956 0.924520 0.942692 0.930649 0.905699 0.881683 0.858547 0.834099 0.826598 0.841566 0.857513 0.870196
0.710904 0.746985 0.766546 0.773390 0.778018 0.772677 0.758099 0.747351 0.738142 0.720874 0.709182 0.712293 0.718900 0.723455 0.723484 0.715231 0.700283 0.688999 0.697588 0.713432 0.725740 0.735015 0.754268 0.760324 0.755881 0.745099 0.734330 0.722184 0.712852 0.702376 0.692203 0.683547 0.680030 0.697677 0.719590 0.738797 0.759933 0.769147 0.771628 0.769480 0.770693 0.759590 0.000267 0.002678 0.002827 0.002285 0.002886 0.002998 0.001454 -0.000494 0.793915 0.843001 0.904654 0.940506 0.945743 0.928765 0.905801 0.879718 0.855974 0.845841 0.854637 0.861782 0.864325
0.742097 0.773774 0.783892 0.783388 0.781332 0.772317 0.757596 0.755932 0.748341 0.735175 0.723175 0.722486 0.730498 0.736013 0.733519 0.724247 0.712105 0.709353 0.722178 0.730189 0.735554 0.747277 0.765138 0.769795 0.765131 0.754681 0.741312 0.726197 0.712066 0.699721 0.690236 0.674302 0.669247 0.689027 0.709887 0.728228 0.746723 0.761574 0.763418 0.763004 0.754799 0.754075 0.001124 0.002111 0.002516 0.002256 0.002130 0.002202 0.000747 0.780251 0.785785 0.818734 0.873651 0.925812 0.946769 0.954004 0.948552 0.930001 0.910588 0.899507 0.895184 0.884276 0.872166
0.757410 0.779912 0.783204 0.774654 0.766392 0.756650 0.746374 0.745930 0.743749 0.731123 0.723575 0.722669 0.729385 0.732043 0.727964 0.724969 0.730404 0.737341 0.742609 0.743006 0.744697 0.760936 0.776557 0.778387 0.773566 0.761908 0.747665 0.729088 0.713767 0.700821 0.689350 0.667211 0.660553 0.681133 0.704471 0.722820 0.739921 0.751908 0.754481 0.753686 0.754478 0.747743 0.001098 0.001735 0.001696 0.001899 0.001421 0.000893 0.000808 0.754790 0.760187 0.791684 0.837687 0.894964 0.934422 0.959110 0.969484 0.964344 0.954383 0.945597 0.934926 0.915712 0.890260
0.758960 0.772131 0.769057 0.756239 0.747017 0.740313 0.729782 0.728633 0.727581 0.723716 0.722768 0.724955 0.733455 0.735931 0.736431 0.745409 0.752898 0.751520 0.750035 0.747707 0.753428 0.776096 0.788080 0.789454 0.782358 0.769144 0.751770 0.732390 0.715577 0.704251 0.691598 0.671305 0.663795 0.678683 0.699884 0.715045 0.730829 0.744172 0.742073 0.748076 0.000270 0.750687 0.001104 0.002050 0.001612 0.001942 0.002035 0.782218 0.770433 0.729600 0.738294 0.769416 0.810368 0.862275 0.912654 0.947103 0.969948 0.976519 0.977921 0.972521 0.960461 0.940274 0.919962
0.750094 0.755765 0.745615 0.730935 0.720910 0.712683 0.706211 0.708580 0.710770 0.712505 0.718347 0.727732 0.738008 0.748087 0.755118 0.758938 0.755110 0.756274 0.751113 0.747556 0.766927 0.786327 0.799564 0.801821 0.795905 0.778377 0.756898 0.734779 0.718383 0.707440 0.696720 0.681121 0.673028 0.680126 0.692895 0.704397 0.721672 0.739534 0.741079 0.732050 0.000321 0.000653 0.001214 0.002145 0.001835 0.001520 0.000651 0.781229 0.749161 0.715565 0.712706 0.742218 0.782634 0.818163 0.874661 0.922294 0.952942 0.967023 0.976270 0.977400 0.968486 0.953444 0.939465
0.738564 0.732809 0.712357 0.696142 0.684962 0.682537 0.679466 0.682869 0.684713 0.687573 0.696067 0.710575 0.727188 0.742599 0.752782 0.757070 0.754470 0.748711 0.747205 0.753786 0.771542 0.789532 0.802994 0.808838 0.804434 0.787309 0.762073 0.736771 0.719300 0.709911 0.702913 0.693538 0.685112 0.683118 0.687774 0.696550 0.714829 0.736783 0.741607 0.725004 -0.000543 0.000296 0.000999 0.001332 0.001902 0.000428 0.791767 0.769831 0.742916 0.716530 0.709475 0.732273 0.763996 0.778998 0.826494 0.883663 0.926842 0.947978 0.961261 0.969503 0.964704 0.955918 0.944953
0.723422 0.708113 0.678490 0.663748 0.654329 0.652131 0.646161 0.643169 0.645447 0.650888 0.665381 0.684115 0.705605 0.725615 0.737712 0.741752 0.738738 0.731951 0.734595 0.745176 0.763567 0.781887 0.797179 0.805354 0.803737 0.787698 0.763928 0.736274 0.717026 0.705855 0.703411 0.700442 0.690634 0.682228 0.683401 0.694351 0.710873 0.729336 0.739419 0.736086 0.721471 0.000386 0.000511 0.001265 0.001505 0.000794 0.805697 0.777804 0.755894 0.733510 0.725880 0.740943 0.753821 0.755520 0.780249 0.837518 0.891417 0.920605 0.941936 0.952041 0.956419 0.951257 0.942305
0.710510 0.689051 0.655998 0.640016 0.626644 0.616591 0.594653 0.585975 0.590645 0.605601 0.632044 0.657912 0.681782 0.703164 0.714257 0.718115 0.713982 0.709750 0.716484 0.728899 0.746432 0.766199 0.783038 0.792476 0.791872 0.781252 0.760162 0.735714 0.715030 0.703636 0.700594 0.698225 0.690672 0.683829 0.686985 0.698933 0.715852 0.733826 0.743522 0.737786 0.728485 -0.000153 0.000262 0.000008 0.001183 0.001485 0.000309 0.776697 0.000799 0.744636 0.746744 0.751107 0.749366 0.751304 0.753393 0.788448 0.851244 0.891525 0.918289 0.932752 0.941892 0.941907 0.934746
0.701670 0.678497 0.642668 0.619868 0.594060 0.563721 0.522808 0.506347 0.517962 0.546594 0.591915 0.635612 0.667051 0.684099 0.691908 0.693080 0.689249 0.687057 0.695285 0.708008 0.726957 0.745415 0.764570 0.774311 0.776452 0.768488 0.753852 0.731989 0.714097 0.701810 0.699725 0.695648 0.689167 0.684636 0.692243 0.707123 0.725607 0.737622 0.747054 0.748817 0.725299 0.712805 0.001129 0.713260 0.000181 0.000521 0.001403 0.774401 0.001192 0.001059 0.753463 0.755690 0.746085 0.748629 0.745491 0.757757 0.798730 0.853377 0.887290 0.908500 0.915973 0.917910 0.914084
0.696163 0.669854 0.631973 0.600623 0.557295 0.504591 0.450495 0.450553 0.483701 0.524699 0.577551 0.625636 0.660020 0.673471 0.670450 0.664308 0.656837 0.654171 0.662046 0.678482 0.701077 0.724361 0.744204 0.756454 0.759541 0.754595 0.744779 0.728566 0.713079 0.702624 0.697560 0.693545 0.688792 0.692515 0.703300 0.717498 0.728775 0.734896 0.747320 0.756379 0.737612 0.709738 0.001408 0.702729 0.000550 0.000910 0.001213 0.783246 0.772525 0.765707 0.760993 0.761355 0.750847 0.750815 0.744284 0.738702 0.764387 0.813026 0.865643 0.887221 0.900366 0.899615 0.894105
0.687303 0.661096 0.621957 0.582312 0.527058 0.457518 0.416792 0.441956 0.490516 0.545938 0.600615 0.644826 0.668797 0.671180 0.657085 0.637711 0.621486 0.612939 0.621850 0.646450 0.677085 0.703732 0.725065 0.737858 0.744447 0.743912 0.737858 0.725597 0.714173 0.704575 0.698080 0.695571 0.697213 0.706810 0.717137 0.723872 0.725589 0.725390 0.734954 0.740165 0.733494 0.705514 0.702447 0.000562 0.000482 0.001815 0.001320 0.787553 0.791943 0.778421 0.000910 0.001004 0.765458 0.749753 0.747412 0.728415 0.748388 0.787797 0.841405 0.879023 0.892216 0.890707 0.883012
0.680050 0.652481 0.612935 0.572784 0.520959 0.465519 0.446967 0.482964 0.540527 0.597210 0.647743 0.676983 0.690171 0.678493 0.654126 0.619829 0.590898 0.573656 0.586170 0.620848 0.660467 0.688535 0.708523 0.721721 0.730135 0.733828 0.733992 0.728538 0.720420 0.712554 0.707174 0.705910 0.710138 0.718811 0.725120 0.725568 0.721442 0.716837 0.717088 0.728931 0.730666 0.713358 0.704679 0.000024 0.001374 -0.000390 -0.000713 0.000217 0.794073 0.001624 0.000491 -0.001594 -0.003109 0.758452 0.756983 0.742848 0.748727 0.000213 0.810987 0.864752 0.878824 0.880428 0.877116
0.668850 0.640729 0.603668 0.570074 0.531921 0.504538 0.511808 0.552472 0.610512 0.659611 0.695974 0.711334 0.713606 0.691076 0.657410 0.615614 0.576442 0.553821 0.564378 0.606074 0.653938 0.682183 0.699569 0.708745 0.717551 0.722878 0.727697 0.729134 0.727716 0.723197 0.719240 0.716239 0.718762 0.724876 0.726049 0.720624 0.717919 0.712346 0.717004 0.723131 0.718318 0.000595 0.703229 0.695806 0.000727 0.000065 0.694327 0.689734 0.670624 0.000486 0.000171 0.677011 -0.001995 0.757608 -0.000277 -0.002964 0.774172 -0.001285 0.805197 0.855390 0.864470 0.869177 0.870310
0.653371 0.624476 0.593446 0.568413 0.552021 0.554013 0.582524 0.629276 0.677479 0.711455 0.734047 0.740133 0.732159 0.705740 0.667848 0.625502 0.584903 0.557368 0.564129 0.605334 0.655392 0.684807 0.695770 0.702261 0.707181 0.714402 0.722958 0.727956 0.729688 0.729595 0.728275 0.726520 0.724767 0.725020 0.723350 0.716510 0.716999 0.717892 0.723870 0.720284 0.714494 0.706833 0.697316 0.682352 0.697290 0.698042 0.692445 0.688475 0.002269 0.675791 0.000575 0.675191 0.000451 -0.001557 -0.001058 0.803269 0.801192 0.819142 0.814171 0.826049 0.851084 0.861845 0.867290
0.636445 0.609387 0.584023 0.572203 0.578924 0.608805 0.650140 0.690826 0.726134 0.748705 0.762621 0.760843 0.747060 0.718636 0.681654 0.641191 0.604254 0.580445 0.585387 0.620547 0.664040 0.690353 0.697301 0.700995 0.705606 0.710937 0.718886 0.726845 0.732170 0.734351 0.734565 0.731412 0.728504 0.724057 0.718801 0.712331 0.709890 0.705499 0.707691 0.708443 0.705891 0.705515 0.697727 0.001031 0.002522 0.000562 0.686972 0.687983 0.001432 0.678420 0.681224 0.671299 0.662356 0.657147 -0.000915 -0.000179 0.806657 0.805185 0.776279 0.778017 0.822618 0.851751 0.861017
0.622078 0.599072 0.585391 0.589781 0.620348 0.662271 0.699446 0.731479 0.761554 0.777229 0.785062 0.779467 0.761023 0.733423 0.696353 0.658373 0.627610 0.612469 0.619284 0.647452 0.677812 0.696414 0.701414 0.701799 0.707240 0.713216 0.721822 0.729703 0.734475 0.737676 0.739169 0.735197 0.730221 0.722873 0.714378 0.701120 0.691398 0.686234 0.693166 0.699514 0.704093 0.705629 0.699373 0.699760 0.001999 0.000734 0.695211 0.692555 0.689206 0.687636 0.686885 0.674193 0.673017 0.660325 0.657220 -0.000576 -0.000563 0.802861 0.756523 0.745619 0.780742 0.823244 0.850859
0.614380 0.600374 0.601322 0.625181 0.665074 0.703020 0.731719 0.759980 0.782304 0.794097 0.798866 0.791506 0.773849 0.746633 0.711845 0.673843 0.647962 0.639195 0.648867 0.673927 0.691821 0.702859 0.705060 0.704639 0.709889 0.716450 0.723968 0.729503 0.734081 0.738422 0.742055 0.738106 0.730725 0.721365 0.707796 0.688231 0.673592 0.675120 0.685095 0.697198 0.703260 0.698905 0.698591 0.697800 0.001614 0.002655 0.702695 0.691371 0.678005 0.676649 0.682307 0.667025 0.671754 0.653150 0.650332 0.669619 -0.001378 0.772717 0.757042 0.745322 0.755834 0.783784 0.825379
0.612573 0.611239 0.631207 0.665900 0.703211 0.730199 0.755271 0.775534 0.791291 0.799315 0.800924 0.794078 0.779080 0.757902 0.728171 0.694392 0.670408 0.667310 0.678329 0.693508 0.702517 0.707428 0.709208 0.710051 0.713570 0.717770 0.723885 0.727642 0.731244 0.736841 0.742668 0.739086 0.729650 0.717768 0.700505 0.677840 0.667112 0.672375 0.682147 0.694418 0.697867 0.696073 0.702952 0.709742 0.001565 0.001107 0.699400 0.690569 0.684315 0.681172 0.000146 0.667354 0.673590 0.000090 0.650678 0.000933 0.667809 0.743766 -0.000873 -0.001150 -0.001281 0.771092 0.797286
0.614204 0.635547 0.667320 0.699024 0.727702 0.746306 0.766237 0.777816 0.788812 0.793379 0.793119 0.785036 0.774543 0.759463 0.738914 0.716138 0.698122 0.694033 0.696361 0.701910 0.707308 0.709456 0.711770 0.714982 0.717234 0.717671 0.721933 0.722526 0.724541 0.731592 0.737349 0.734491 0.721750 0.703893 0.687530 0.674038 0.672155 0.678902 0.685959 0.694204 0.000989 0.707152 0.713438 0.709001 0.710687 0.714642 0.703477 0.685898 0.001302 0.689743 0.688480 0.673857 0.676457 0.001309 -0.000013 0.000452 0.654128 0.659935 -0.001360 -0.000813 0.000269 -0.002697 0.788230
