public/ISAM/wave_asc/wave-2024-07-20T00-00-00.asc
ncols         120
nrows         120
xllcorner     110.0
yllcorner     3.0
cellsize      0.25
NODATA_value  0.0
[rows 0 to 27 of 120, columns 0 to 62 of 120]
0.000152 0.000251 0.000557 0.000228 0.000064 0.000301 -0.000002 0.000549 0.000348 0.000223 0.000225 0.000508 0.000292 0.000460 0.000642 0.000839 0.000739 0.001173 0.000996 0.001324 0.001237 0.001157 0.001134 0.001109 0.001027 0.001245 0.001362 0.001373 0.001317 0.001542 0.001516 0.001620 0.001471 0.001700 0.001746 0.001830 0.001692 0.002122 0.002806 0.003387 0.003971 0.003135 0.002223 0.002027 0.662436 0.654508 0.631310 0.588305 0.527728 0.477194 0.422277 0.375113 0.344390 0.319587 0.286284 0.269595 0.260075 0.253470 0.257607 0.255106 0.250039 0.252858 0.265384
0.000628 0.000984 0.001354 0.000790 0.000784 0.000927 0.001041 0.001121 0.000862 0.000903 0.000926 0.001067 0.000861 0.001088 0.001160 0.001025 0.001184 0.001192 0.001268 0.000934 0.001182 0.001209 0.001095 0.001235 0.001190 0.001156 0.001230 0.001432 0.001462 0.001723 0.001616 0.001501 0.001607 0.001749 0.001991 0.002046 0.002197 0.002317 0.002574 0.003115 0.003527 0.002652 0.002527 0.003088 0.457968 0.691023 0.655745 0.614719 0.555154 0.480397 0.441030 0.386517 0.350997 0.319189 0.288028 0.265118 0.260100 0.263759 0.261512 0.255538 0.249736 0.247507 0.258546
0.000913 0.001168 0.001464 0.001193 0.001335 0.001267 0.001384 0.001469 0.001217 0.001292 0.001363 0.001255 0.001233 0.001254 0.001319 0.001419 0.001344 0.001278 0.001324 0.001284 0.001139 0.001306 0.001212 0.001261 0.001346 0.001333 0.001265 0.001523 0.001751 0.001601 0.001955 0.002029 0.001885 0.001769 0.002071 0.002108 0.002463 0.002433 0.003383 0.003667 0.004199 0.003371 0.002292 0.001952 0.001495 0.582952 0.689089 0.635384 0.579307 0.536658 0.468473 0.416553 0.361818 0.330505 0.302671 0.283794 0.277719 0.274612 0.277049 0.267576 0.255895 0.246233 0.250541
0.000869 0.001030 0.001224 0.000864 0.001119 0.001003 0.001304 0.001172 0.001188 0.001109 0.001196 0.001429 0.001474 0.001174 0.001328 0.000990 0.001273 0.001188 0.001033 0.000917 0.000835 0.000832 0.000915 0.000990 0.000918 0.000783 0.001186 0.001216 0.001559 0.001657 0.001872 0.001660 0.001608 0.001442 0.001746 0.001981 0.002068 0.002156 0.003147 0.003484 0.003520 0.003498 0.002753 0.048041 0.002027 -0.000664 0.589167 0.569837 0.633566 0.576167 0.513105 0.440991 0.398958 0.360075 0.319641 0.305490 0.300587 0.292106 0.288887 0.276451 0.264249 0.246128 0.249943
0.000978 0.001225 0.001323 0.001075 0.001204 0.001432 0.001664 0.001503 0.001552 0.001157 0.001254 0.001222 0.001340 0.001393 0.001394 0.001197 0.001181 0.001048 0.001186 0.001127 0.001053 0.000997 0.001013 0.000797 0.000902 0.001152 0.001190 0.001328 0.001686 0.001872 0.001827 0.001607 0.001833 0.001344 0.001751 0.001663 0.001874 0.001857 0.003126 0.003550 0.003492 0.003929 0.004276 0.709190 0.063102 0.064936 0.063006 -0.000070 0.694833 0.619151 0.514072 0.453982 0.395000 0.366516 0.326620 0.317438 0.315579 0.312324 0.305541 0.288047 0.278715 0.260494 0.262184
0.000872 0.001294 0.001180 0.000871 0.001089 0.001559 0.001559 0.001419 0.001582 0.001343 0.001309 0.001507 0.001616 0.001239 0.001425 0.001235 0.000989 0.000854 0.000986 0.000921 0.000756 0.000635 0.000624 0.000853 0.000898 0.000964 0.000932 0.001243 0.001732 0.001856 0.001611 0.001501 0.001264 0.001163 0.001324 0.001520 0.001911 0.002192 0.002784 0.003653 0.003641 0.004044 0.004473 0.005229 0.682548 0.718454 0.778203 -0.000483 0.734909 0.634068 0.513009 0.454414 0.435375 0.397892 0.353231 0.334830 0.331871 0.328881 0.313375 0.292757 0.284492 0.275574 0.278156
0.001363 0.001588 0.001267 0.001233 0.001250 0.001643 0.001609 0.001662 0.001446 0.001336 0.001597 0.001709 0.001486 0.001439 0.001342 0.001160 0.001259 0.001033 0.001047 0.000988 0.000777 0.000566 0.000615 0.000718 0.000381 0.000640 0.000718 0.001113 0.001382 0.001460 0.001612 0.001677 0.001369 0.001673 0.001573 0.001954 0.002005 0.002251 0.002693 0.003517 0.004253 0.003861 0.005076 0.005072 0.005963 0.005931 0.742565 0.335678 0.762021 0.689815 0.551902 0.485351 0.447634 0.427150 0.388562 0.367400 0.352002 0.338156 0.323222 0.308540 0.302735 0.286252 0.285454
0.001399 0.001572 0.001476 0.001374 0.001410 0.001433 0.001316 0.001441 0.001512 0.001233 0.001641 0.001442 0.001375 0.001228 0.001529 0.001116 0.001077 0.001001 0.001054 0.000538 0.000634 0.000437 0.000634 0.000271 0.000376 0.000491 0.000597 0.001071 0.001386 0.001279 0.001426 0.001265 0.001467 0.001529 0.001700 0.001976 0.002190 0.001844 0.002233 0.003137 0.003705 0.003298 0.003190 0.003817 0.003676 0.004302 0.004942 0.743647 0.744294 0.671884 0.578872 0.488111 0.457018 0.441136 0.408326 0.377705 0.358922 0.348202 0.340474 0.321958 0.311337 0.299889 0.308188
0.001707 0.001924 0.001759 0.001609 0.001320 0.001723 0.001281 0.001448 0.001432 0.001366 0.001515 0.001601 0.001654 0.001531 0.001418 0.001210 0.001376 0.001062 0.000802 0.000807 0.000359 0.000429 0.000515 0.000546 0.000398 0.000675 0.000821 0.001065 0.001324 0.001488 0.001473 0.001465 0.001622 0.001591 0.001377 0.001566 0.001648 0.001075 0.001488 0.002537 0.003493 0.003280 0.003130 0.002882 0.002043 0.003101 0.019440 0.083449 0.716181 0.645016 0.551128 0.471657 0.460258 0.440792 0.417430 0.393086 0.369873 0.359987 0.355459 0.342595 0.330643 0.314016 0.315072
0.001779 0.001956 0.001711 0.001601 0.001679 0.001753 0.001625 0.001550 0.001677 0.001477 0.001701 0.001821 0.001823 0.001787 0.002019 0.001813 0.001696 0.001586 0.001440 0.001197 0.001059 0.001029 0.000879 0.000930 0.000974 0.001304 0.001590 0.001759 0.002100 0.002094 0.002024 0.002007 0.002210 0.002043 0.002077 0.001552 0.001825 0.001209 0.001663 0.002413 0.002790 0.003052 0.002560 0.002147 0.072943 0.015486 0.711956 0.665248 0.615819 0.530708 0.484335 0.474908 0.460248 0.453176 0.431655 0.411344 0.384743 0.368857 0.363744 0.357664 0.343237 0.325652 0.325880
0.001668 0.001842 0.001441 0.001395 0.001417 0.001266 0.001136 0.001292 0.001380 0.001336 0.001564 0.001428 0.001532 0.001509 0.001486 0.001609 0.001359 0.001205 0.001301 0.001172 0.000899 0.000782 0.000878 0.000637 0.000694 0.000890 0.001348 0.001544 0.001779 0.001507 0.001686 0.001650 0.001808 0.001914 0.001625 0.001213 0.001451 0.001211 0.001271 0.002243 0.002912 0.002407 0.001463 0.129284 0.673841 0.505295 0.642463 0.611989 0.522033 0.507788 0.254839 0.412001 0.457566 0.472892 0.437685 0.419855 0.405731 0.388835 0.372547 0.365140 0.358426 0.338900 0.337407
0.001068 0.001278 0.001165 0.001106 0.001099 0.001227 0.001237 0.001294 0.001276 0.001350 0.001403 0.001553 0.001493 0.001576 0.001744 0.001622 0.001509 0.001450 0.001487 0.001243 0.001186 0.000978 0.000767 0.000708 0.000916 0.000950 0.001494 0.001552 0.001627 0.001580 0.001474 0.001544 0.001778 0.001681 0.001697 0.001100 0.001449 0.001590 0.001988 0.002520 0.002960 0.002777 0.002227 0.209474 0.327075 0.002920 0.337423 0.514407 0.511773 0.295469 0.006311 0.401616 0.479671 0.499068 0.471450 0.454530 0.430569 0.409795 0.393123 0.388391 0.372002 0.350030 0.348034
0.001063 0.001141 0.000961 0.000681 0.000916 0.001014 0.000834 0.001231 0.001243 0.001153 0.001247 0.001430 0.001746 0.001805 0.001890 0.001682 0.001552 0.001356 0.001590 0.001373 0.001389 0.000976 0.001018 0.000745 0.000979 0.001156 0.001649 0.001493 0.001712 0.001512 0.001431 0.001553 0.001711 0.001600 0.001550 0.002169 0.001932 0.001365 0.001927 0.002350 0.002481 0.002789 0.002762 0.002867 0.003104 0.003065 0.003649 0.312648 0.513637 0.002971 0.409782 0.464477 0.480311 0.499615 0.488335 0.472435 0.460916 0.445673 0.433562 0.421268 0.398944 0.364680 0.360506
0.001133 0.001041 0.000902 0.000629 0.000670 0.001026 0.000961 0.000943 0.000992 0.000920 0.001392 0.001427 0.001655 0.001582 0.001966 0.001728 0.001811 0.001595 0.001580 0.001463 0.001467 0.001428 0.001055 0.000812 0.000819 0.000996 0.001387 0.001328 0.001526 0.001354 0.001522 0.001466 0.001818 0.001722 0.001936 0.001742 0.001799 0.001453 0.001689 0.002040 0.002548 0.002723 0.003047 0.003157 0.002589 0.002306 0.002362 0.021295 0.479884 0.472563 0.437513 0.467355 0.486793 0.503514 0.500028 0.498369 0.482305 0.470272 0.463401 0.444770 0.426414 0.390954 0.389180
0.000831 0.000820 0.000596 0.000678 0.000674 0.000923 0.000895 0.000879 0.000990 0.000912 0.001261 0.001366 0.001570 0.001658 0.001692 0.001870 0.001670 0.001719 0.001691 0.001470 0.001570 0.001349 0.001108 0.000925 0.001033 0.000989 0.001309 0.001535 0.001445 0.001280 0.001422 0.001691 0.001805 0.001946 0.002116 0.001939 0.001562 0.001502 0.001555 0.001575 0.002285 0.002638 0.002773 0.003129 0.003232 0.002605 0.001378 0.281510 0.424778 0.401006 0.379842 0.462679 0.468353 0.507580 0.517843 0.517965 0.508628 0.493510 0.480191 0.455898 0.441422 0.425945 0.431815
0.000776 0.000972 0.000697 0.000521 0.000653 0.000817 0.000720 0.000639 0.000996 0.000643 0.001259 0.001357 0.001435 0.001870 0.002009 0.001804 0.001887 0.001542 0.001651 0.001453 0.001536 0.001177 0.001215 0.000714 0.001097 0.000930 0.001155 0.001010 0.001165 0.000969 0.001311 0.001407 0.001692 0.002007 0.002275 0.001622 0.001361 0.000946 0.001211 0.001791 0.002628 0.002804 0.003075 0.003619 0.003536 0.002867 0.000967 0.025851 0.345681 0.321810 0.379092 0.425128 0.447621 0.490660 0.528477 0.536403 0.523681 0.500465 0.491773 0.467448 0.448278 0.434524 0.440623
0.000859 0.001044 0.000646 0.000751 0.000719 0.000753 0.000543 0.000785 0.000728 0.000750 0.001132 0.001330 0.001535 0.001737 0.001801 0.001848 0.001701 0.001544 0.001765 0.001276 0.001172 0.001140 0.001162 0.001154 0.001038 0.001019 0.001168 0.001072 0.001137 0.001229 0.001338 0.001548 0.001940 0.002302 0.002315 0.001687 0.001426 0.001088 0.001236 0.002195 0.002784 0.003085 0.003488 0.003318 0.003512 0.001754 0.000284 0.370015 0.357044 0.317994 0.397963 0.446414 0.462407 0.492087 0.526405 0.545913 0.538646 0.517058 0.504360 0.489095 0.465223 0.445000 0.449452
0.001393 0.001499 0.001021 0.000733 0.000788 0.000727 0.000551 0.000551 0.000588 0.000565 0.001223 0.001524 0.001460 0.001654 0.001803 0.001942 0.001794 0.001525 0.001489 0.001237 0.001321 0.000923 0.001068 0.000890 0.001004 0.000821 0.000962 0.000879 0.001069 0.000995 0.001218 0.001473 0.002156 0.002052 0.002329 0.001890 0.001309 0.001285 0.001752 0.002502 0.003162 0.003114 0.003454 0.003678 0.002669 0.001797 0.000987 0.329750 0.311087 0.389266 0.450823 0.477766 0.497988 0.518037 0.533347 0.545167 0.548859 0.530145 0.515192 0.499157 0.482367 0.464275 0.461904
0.001679 0.001533 0.001099 0.000544 0.000556 0.000271 0.000205 0.000430 0.000423 0.000486 0.001013 0.001139 0.001447 0.001539 0.001764 0.001618 0.001549 0.001493 0.001495 0.001319 0.001145 0.001072 0.001055 0.001060 0.001221 0.001055 0.001044 0.000852 0.000691 0.000956 0.001375 0.001674 0.002058 0.002039 0.001806 0.001530 0.001294 0.001615 0.002104 0.002652 0.003241 0.003084 0.003123 0.003260 0.001929 0.002508 0.006303 0.266812 0.288671 0.423328 0.482956 0.536256 0.561444 0.579644 0.590036 0.577738 0.565456 0.545709 0.533213 0.515923 0.496226 0.481428 0.475192
0.001618 0.001694 0.000883 0.000454 0.000421 0.000094 0.000171 0.000184 0.000253 0.000382 0.000690 0.000933 0.001493 0.001478 0.001511 0.001711 0.001682 0.001523 0.001562 0.001374 0.001424 0.001120 0.001485 0.001266 0.001191 0.000931 0.001085 0.000953 0.000952 0.000804 0.001428 0.001555 0.001896 0.001710 0.002017 0.001679 0.001592 0.001693 0.002276 0.002858 0.003287 0.003522 0.003098 0.003056 0.003393 0.374693 0.361012 0.275146 0.335257 0.459388 0.544711 0.585974 0.623242 0.625672 0.621142 0.595189 0.576733 0.561964 0.553079 0.531298 0.505694 0.484658 0.474519
0.001203 0.001311 0.000705 0.000328 0.000116 -0.000040 0.000044 -0.000116 0.000075 0.000227 0.000649 0.000816 0.001301 0.001275 0.001609 0.001499 0.001479 0.001858 0.001678 0.001685 0.001699 0.001614 0.001464 0.001349 0.001370 0.001098 0.001206 0.001134 0.000974 0.000997 0.001212 0.001506 0.002027 0.001741 0.001968 0.001983 0.002224 0.002153 0.002756 0.003424 0.003710 0.003499 0.002760 0.009378 0.281515 0.307595 0.282845 0.331495 0.422087 0.534570 0.610003 0.650898 0.667938 0.650943 0.625519 0.599696 0.585115 0.578786 0.570270 0.541620 0.509754 0.484049 0.474684
0.001433 0.001370 0.000477 0.000260 -0.000013 -0.000388 -0.000250 -0.000248 0.000092 0.000192 0.000619 0.000641 0.001039 0.001316 0.001479 0.001607 0.001816 0.001837 0.001920 0.001639 0.001907 0.001679 0.001817 0.001725 0.001586 0.001398 0.001245 0.000930 0.001187 0.000842 0.001350 0.001554 0.002022 0.001936 0.002209 0.002073 0.002454 0.002663 0.002880 0.002915 0.003143 0.004160 0.002999 0.271352 0.288956 0.253412 0.292833 0.374313 0.473975 0.558259 0.616734 0.654307 0.664055 0.640634 0.614925 0.597426 0.587376 0.578733 0.562263 0.534108 0.504984 0.485079 0.477521
0.000824 0.000891 0.000296 -0.000133 -0.000023 -0.000472 -0.000429 -0.000264 0.000016 -0.000058 0.000466 0.000613 0.001109 0.001195 0.001550 0.001586 0.001721 0.001880 0.002041 0.001812 0.001776 0.001971 0.001857 0.001794 0.001767 0.001502 0.001500 0.001452 0.001255 0.001200 0.001773 0.001885 0.002117 0.002152 0.002570 0.002236 0.002326 0.002707 0.002897 0.003147 0.003328 0.003285 0.002693 0.260891 0.297515 0.299982 0.362621 0.455778 0.534715 0.592377 0.615561 0.641963 0.643647 0.625302 0.617918 0.602228 0.585440 0.567220 0.545867 0.519613 0.500126 0.496367 0.497197
0.000849 0.000756 0.000297 -0.000104 -0.000066 -0.000298 -0.000434 -0.000396 0.000050 -0.000114 0.000493 0.000622 0.000972 0.001108 0.001472 0.001242 0.001505 0.001796 0.002113 0.001870 0.002329 0.001869 0.002244 0.001866 0.001884 0.001577 0.001917 0.001738 0.001834 0.001625 0.001951 0.001938 0.002313 0.002116 0.002469 0.002593 0.002709 0.002099 0.002625 0.003334 0.002763 0.009870 0.013211 0.297827 0.332471 0.369413 0.457501 0.528298 0.575687 0.590780 0.602372 0.619631 0.626171 0.619617 0.607814 0.589913 0.573306 0.565837 0.557013 0.537030 0.520581 0.519370 0.524807
0.000737 0.000982 0.000053 0.000056 0.000139 -0.000192 -0.000114 0.000029 0.000131 0.000175 0.000403 0.000741 0.000880 0.000974 0.001356 0.001435 0.001648 0.001737 0.002169 0.002068 0.002144 0.002412 0.002195 0.002388 0.002327 0.001995 0.001890 0.002049 0.001902 0.001912 0.002282 0.002439 0.002445 0.002177 0.002553 0.002809 0.002710 0.002449 0.002541 0.002435 0.002431 0.271005 0.279907 0.350505 0.404186 0.461192 0.496369 0.561386 0.588393 0.597330 0.598738 0.601699 0.607179 0.596935 0.582266 0.570028 0.560207 0.562962 0.568357 0.556381 0.542758 0.538947 0.551831
0.001170 0.001071 0.000406 -0.000088 0.000236 -0.000058 -0.000167 0.000045 0.000417 0.000036 0.000373 0.000598 0.000999 0.000994 0.001253 0.001321 0.001762 0.001645 0.002111 0.002020 0.002315 0.002344 0.002368 0.002251 0.002180 0.002128 0.002237 0.002180 0.002300 0.002291 0.002240 0.002326 0.002684 0.002483 0.002783 0.002976 0.003054 0.003057 0.003656 0.003615 0.001832 0.283373 0.302187 0.401934 0.463674 0.497804 0.538451 0.586000 0.617384 0.613736 0.606949 0.586776 0.587611 0.580953 0.569492 0.562303 0.562241 0.557586 0.564330 0.555198 0.551569 0.563586 0.613162
0.001012 0.001193 0.000565 0.000362 0.000403 -0.000135 0.000191 0.000162 0.000352 -0.000007 0.000338 0.000818 0.000684 0.001067 0.001118 0.001321 0.001403 0.001872 0.001853 0.001961 0.002215 0.002261 0.002485 0.002477 0.002218 0.002376 0.002321 0.002250 0.002506 0.002342 0.002355 0.002359 0.002502 0.002219 0.002684 0.002863 0.002865 0.002761 0.002862 0.003247 0.284766 0.297514 0.350655 0.443047 0.500178 0.534692 0.577141 0.620166 0.634093 0.622719 0.613083 0.611608 0.613317 0.615396 0.615538 0.608237 0.594958 0.583618 0.571489 0.566571 0.585426 0.639039 0.739732
0.001185 0.001202 0.000715 0.000405 0.000576 0.000270 0.000243 0.000275 0.000317 0.000217 0.000468 0.000798 0.001040 0.001170 0.001387 0.001246 0.001494 0.001676 0.001790 0.001736 0.002001 0.002079 0.002119 0.002269 0.002359 0.002346 0.002301 0.002131 0.002072 0.002039 0.002221 0.001947 0.002287 0.002489 0.002505 0.003067 0.002939 0.002668 0.005129 0.355262 0.006663 0.321147 0.379375 0.464499 0.526763 0.575456 0.622167 0.641837 0.637244 0.610452 0.648487 0.687512 0.699403 0.710588 0.715882 0.700052 0.684688 0.663964 0.645060 0.647280 0.682615 0.768733 0.879852
