public/ISAM/currentv_asc/currentv-2024-07-20T00-00-00.asc
ncols         120
nrows         120
xllcorner     110.0
yllcorner     3.0
cellsize      0.25
NODATA_value  0.0
[rows 54 to 80 of 120, columns 0 to 61 of 120]
-0.001887 -0.000406 -0.002280 0.002257 0.213147 0.169468 0.071681 0.100769 0.125688 0.118716 0.102729 0.091236 0.064402 0.023874 0.001257 -0.017729 -0.038461 -0.044921 -0.034782 0.004184 0.017440 -0.001127 -0.019427 -0.026295 -0.016531 -0.007101 -0.015137 -0.053529 -0.073784 -0.075787 -0.053896 0.014435 0.075549 0.130325 0.181866 0.213435 0.192856 0.033750 -0.119171 -0.176534 -0.151087 -0.099524 -0.076987 -0.079650 0.041374 0.389199 -0.003647 0.409913 0.627940 1.380600 0.929636 0.725445 0.610550 0.440248 0.147642 -0.137996 -0.384602 -0.492020 -0.298208 -0.016462 0.014800 -0.051542
-0.004880 -0.004808 0.003694 0.182362 0.189837 0.062727 0.028831 0.080278 0.089886 0.064153 0.063160 0.050530 0.026307 -0.020747 -0.063966 -0.083144 -0.074007 -0.044091 -0.025674 -0.001318 0.007404 -0.005681 -0.017989 -0.024272 -0.020654 -0.009160 -0.025308 -0.056684 -0.099861 -0.106980 -0.067909 -0.021050 0.048480 0.176804 0.245381 0.270889 0.158034 -0.058069 -0.144500 -0.169955 -0.118721 -0.051706 -0.060560 -0.043984 0.074529 0.267679 0.185235 0.416484 0.582664 1.281562 1.000178 0.696222 0.557435 0.406872 0.125333 -0.150479 -0.382048 -0.401168 -0.146767 0.000355 -0.010730 -0.087146
-0.007721 0.002442 0.077872 0.163279 0.117990 0.059211 0.027919 0.063318 0.038495 0.005997 0.006513 0.006311 -0.000506 -0.036639 -0.085678 -0.106932 -0.078171 -0.033614 -0.005573 0.002606 -0.004104 -0.007525 -0.003779 -0.005884 -0.016995 -0.042761 -0.085340 -0.108939 -0.119643 -0.146158 -0.115714 -0.064529 0.031005 0.184472 0.258391 0.296236 0.174980 -0.075601 -0.156812 -0.151630 -0.059684 0.026370 0.067670 0.135348 0.175118 0.158389 0.122828 0.411292 0.450374 1.065604 1.142609 0.688220 0.480630 0.332676 0.110809 -0.156867 -0.330532 -0.218157 -0.036939 -0.002675 -0.026267 -0.094538
-0.002942 0.009743 0.047875 0.079494 0.104375 0.066293 0.031067 0.039916 -0.001031 -0.054393 -0.061099 -0.026119 -0.010953 -0.030453 -0.066574 -0.085822 -0.062245 -0.021295 0.001960 0.011460 -0.000346 -0.008160 -0.001380 0.002320 -0.020513 -0.082778 -0.183511 -0.254246 -0.194701 -0.166294 -0.159937 -0.101555 0.000844 0.144273 0.233012 0.273159 0.214035 0.037066 -0.096093 -0.054787 0.066502 0.176730 0.237626 0.229860 0.106271 -0.008895 0.002535 0.077742 0.222220 0.705662 1.313332 0.671516 0.407190 0.277925 0.107401 -0.131124 -0.233424 -0.108947 -0.009151 -0.015788 -0.040557 -0.070064
0.015293 -0.016429 -0.139445 0.105620 0.135891 0.063884 0.022695 0.009329 -0.038969 -0.118060 -0.107376 -0.052019 -0.005152 -0.002832 -0.020719 -0.037417 -0.028569 0.003736 0.051294 0.068127 0.038709 0.000583 -0.014273 -0.011721 -0.020564 -0.102628 -0.217365 -0.336994 -0.362257 -0.229038 -0.173182 -0.111135 -0.010144 0.109482 0.209850 0.221423 0.203191 0.150825 0.054090 0.062803 0.109664 0.177633 0.293140 -0.017723 -0.007400 0.005482 0.044746 0.093871 0.090794 0.352830 1.391724 0.707430 0.378145 0.268856 0.060760 -0.103245 -0.179688 -0.077856 -0.013573 -0.048936 -0.060920 -0.022950
0.020076 -0.081091 -0.120022 0.195887 0.178066 0.049315 -0.017988 -0.039128 -0.085174 -0.153143 -0.134354 -0.068693 -0.008664 0.023226 0.034333 0.015895 0.013892 0.056960 0.131959 0.127515 0.051817 0.009668 -0.011092 -0.010542 -0.032179 -0.095166 -0.185671 -0.319929 -0.427642 -0.372195 -0.217399 -0.109943 -0.008200 0.100839 0.179191 0.183398 0.192917 0.175686 0.104739 0.131791 0.151536 0.131507 0.075204 -0.017699 0.000420 0.009277 0.016904 0.019807 0.002687 0.175448 1.347284 0.742117 0.368682 0.245995 0.000929 -0.126087 -0.148803 -0.042494 -0.023422 -0.061464 -0.022641 0.081011
-0.007902 -0.034740 0.025303 0.174663 0.198498 0.074428 -0.087988 -0.099240 -0.125967 -0.170570 -0.138755 -0.070623 -0.016929 0.014746 0.071312 0.086310 0.069498 0.092565 0.176170 0.132582 0.060632 0.045640 0.009694 -0.023262 -0.061077 -0.079635 -0.116761 -0.236118 -0.385598 -0.427384 -0.308458 -0.146877 -0.022380 0.086015 0.159766 0.168008 0.230726 0.260626 0.118364 0.071302 0.091663 0.080740 -0.007641 -0.009432 0.005149 0.006302 0.011324 0.011152 0.015601 0.312009 1.327579 0.764025 0.333606 0.224960 -0.019968 -0.157860 -0.141149 -0.028278 -0.002293 0.047934 0.126399 0.176469
0.006765 0.040034 0.091365 0.159417 0.174498 0.089750 -0.067942 -0.187674 -0.201605 -0.161211 -0.133893 -0.080599 -0.019967 0.029416 0.077922 0.114332 0.082976 0.067480 0.173691 0.126197 0.086152 0.084136 0.021505 -0.054850 -0.084438 -0.072203 -0.072760 -0.154343 -0.296694 -0.370387 -0.328521 -0.182812 -0.044296 0.072649 0.134569 0.209307 0.335966 0.299172 0.115556 0.006574 -0.011246 0.017455 -0.007543 -0.000174 0.005725 0.008667 0.009822 0.014215 0.001620 0.057567 1.240674 0.797533 0.315136 0.186835 -0.005919 -0.163400 -0.150382 -0.032497 0.081187 0.161020 0.161963 0.153601
-0.025493 0.088661 0.192862 0.220314 0.165108 0.077791 -0.056273 -0.200491 -0.206882 -0.183555 -0.122714 -0.044464 0.030285 0.060089 0.059509 0.058157 0.023171 0.009685 0.153414 0.141042 0.110593 0.114782 0.039469 -0.078426 -0.107744 -0.081957 -0.056732 -0.100195 -0.188968 -0.265472 -0.268244 -0.168670 -0.031984 0.050592 0.156521 0.346339 0.369251 0.225538 0.085265 -0.045630 -0.089640 -0.022052 -0.002243 0.002939 0.007338 0.006185 0.008604 0.010967 0.012735 -0.005848 1.020929 0.912144 0.376563 0.121925 -0.000868 -0.128336 -0.141875 -0.011093 0.116692 0.147041 0.184011 0.155519
0.030446 0.249382 0.295213 0.200700 0.108464 0.020933 -0.054015 -0.158257 -0.174505 -0.122729 -0.062729 -0.005854 0.040522 0.058856 0.032439 -0.023074 -0.087307 -0.086669 0.126364 0.168200 0.117089 0.133224 0.070522 -0.065410 -0.136392 -0.101089 -0.068064 -0.080304 -0.132424 -0.177350 -0.188134 -0.108341 -0.029955 0.059908 0.312525 0.359381 0.265018 0.149357 0.037981 -0.070644 -0.127095 -0.060061 -0.003613 0.004224 0.004455 0.005463 0.006241 0.006978 0.010412 0.039380 0.793304 0.918469 0.457704 0.090436 -0.022683 -0.082984 -0.082147 -0.006136 0.033432 0.141014 0.214819 0.164403
0.206930 0.309618 0.260176 0.138566 0.053067 -0.029232 -0.062261 -0.053236 -0.071442 -0.064042 -0.027475 0.020499 0.060658 0.078148 0.028615 -0.081052 -0.182309 -0.171100 0.113204 0.175658 0.115015 0.155950 0.127976 -0.019198 -0.111825 -0.117611 -0.077269 -0.070538 -0.102242 -0.131898 -0.123934 -0.077653 -0.020703 0.214389 0.300657 0.301850 0.203857 0.087185 0.019320 -0.035111 -0.113092 -0.083313 -0.002299 0.004764 0.007439 0.004542 0.004796 0.002432 -0.000265 0.032188 0.830932 0.797864 0.562400 0.196130 -0.006421 -0.046434 -0.048189 -0.054492 -0.022392 0.125734 0.200329 0.139657
0.360215 0.313058 0.197433 0.097338 0.001639 -0.064979 -0.037235 0.011800 -0.040102 -0.122233 0.052323 0.105350 0.114952 0.118137 0.031692 -0.118954 -0.237319 -0.144468 0.156774 0.156135 0.085339 0.199970 0.193909 0.022739 -0.074264 -0.094389 -0.085482 -0.082443 -0.093484 -0.095169 -0.083885 -0.093922 0.104140 0.247930 0.250506 0.259977 0.196652 0.074908 0.004652 0.009824 -0.063018 -0.110600 -0.003956 0.012135 0.009816 0.008984 0.005134 0.009556 0.011840 0.029697 0.470167 0.685299 0.627148 0.338322 0.141748 0.028555 -0.036255 -0.060019 -0.034204 0.055161 0.109206 0.059519
0.345598 0.264404 0.150943 0.045391 -0.048363 -0.086924 0.008946 0.059894 -0.032960 -0.077457 0.081855 0.167393 0.179420 0.114755 -0.020856 -0.155314 -0.145113 0.064884 0.183030 0.095090 0.048871 0.258422 0.213662 0.042322 -0.055546 -0.076780 -0.084204 -0.092969 -0.080364 -0.031483 -0.076622 -0.122454 0.157490 0.265413 0.270788 0.250553 0.204730 0.103828 -0.007066 -0.029587 0.003955 -0.122035 -0.000168 0.012655 0.011718 0.008263 0.005380 0.004620 -0.002543 -0.011305 0.296011 0.537687 0.666317 0.491955 0.311613 0.190612 0.094103 0.021321 -0.016552 -0.027666 -0.010341 -0.086730
0.297948 0.197219 0.088928 -0.026189 -0.082511 -0.057811 0.056845 0.080652 -0.005808 -0.020597 0.099127 0.180448 0.150039 0.043384 -0.042285 0.009959 0.111910 0.124029 0.110456 0.069780 0.088448 0.300608 0.193559 0.049251 -0.038089 -0.071490 -0.076815 -0.071547 -0.029498 0.024630 -0.084719 -0.124552 0.152393 0.278934 0.280303 0.234538 0.186576 0.137491 -0.008879 -0.124875 0.011973 0.018437 -0.000006 0.012936 0.010042 0.008614 0.000979 0.005215 -0.009679 -0.344919 0.268670 0.451909 0.612002 0.627577 0.466520 0.340383 0.234574 0.147180 0.052157 -0.056925 -0.124627 -0.193938
0.203674 0.138830 0.031480 -0.063141 -0.038554 -0.040052 0.021483 0.088600 0.050134 0.068519 0.132282 0.180591 0.133551 0.077126 0.090198 0.137667 0.109009 0.085891 0.072612 0.072486 0.235526 0.252222 0.161037 0.054245 -0.030442 -0.068404 -0.069547 -0.035608 0.028557 0.061868 -0.043752 -0.049819 0.160134 0.274292 0.257368 0.230208 0.214501 0.180640 0.006133 -0.167370 0.021428 0.015400 0.007567 0.010498 0.012640 0.003833 0.006092 -0.028716 -0.201772 -0.058796 0.219846 0.394611 0.483429 0.725742 0.590674 0.454439 0.325124 0.247467 0.161027 -0.008591 -0.166324 -0.225201
0.110016 0.053215 -0.007756 -0.051197 -0.065506 -0.041918 0.069026 0.092782 0.094236 0.133007 0.169207 0.196827 0.188615 0.160504 0.140180 0.092889 0.080723 0.055813 0.045033 0.143531 0.241936 0.228938 0.153496 0.068886 -0.016363 -0.070993 -0.062346 -0.014774 0.067020 0.102346 0.043447 0.051419 0.174915 0.223412 0.203623 0.229171 0.252933 0.215556 0.014985 -0.135725 0.019323 0.013519 0.008792 0.010066 0.007912 0.003536 0.001547 -0.074414 -0.194082 -0.085112 0.153904 0.366325 0.353697 0.701259 0.697490 0.560699 0.423967 0.323511 0.248326 0.099167 -0.112078 -0.191446
0.034329 -0.069482 -0.059983 -0.053840 -0.052095 0.037137 0.087994 0.095475 0.109594 0.154623 0.192501 0.225695 0.233004 0.189436 0.127378 0.068354 0.047544 0.005107 0.046380 0.161652 0.229693 0.225881 0.167133 0.082530 -0.010352 -0.073841 -0.064111 -0.005253 0.071780 0.133573 0.130793 0.128435 0.152023 0.159912 0.167342 0.248206 0.261158 0.227267 0.063963 -0.149298 0.014364 0.013249 0.010488 0.006373 0.010616 0.005718 -0.058952 -0.057729 -0.134642 -0.147989 0.101183 0.371778 0.235612 0.476814 0.724740 0.693012 0.525307 0.418038 0.316200 0.176952 0.000614 -0.103350
-0.044210 -0.178973 -0.120309 -0.061754 -0.000259 0.062591 0.073612 0.068957 0.118731 0.189086 0.241713 0.262988 0.272655 0.210538 0.123836 0.060544 -0.000716 -0.014987 0.071503 0.161996 0.218971 0.219299 0.169804 0.080568 -0.010429 -0.067453 -0.053174 0.005587 0.082760 0.151993 0.178563 0.174599 0.112439 0.135170 0.194242 0.269348 0.290268 0.233242 0.085196 -0.071857 -0.028613 0.019638 0.013295 0.009915 0.004427 0.004101 -0.009605 -0.090534 -0.085291 -0.103027 0.079872 0.327716 0.159855 0.184348 0.549421 0.755428 0.665941 0.495063 0.378658 0.236718 0.091264 -0.004995
-0.072359 -0.223649 -0.156220 -0.055072 -0.003264 0.019407 -0.011854 0.032531 0.144636 0.262547 0.352075 0.346587 0.296313 0.196300 0.114239 0.042504 -0.023230 0.004985 0.091274 0.154064 0.201694 0.210134 0.160161 0.076720 -0.006928 -0.052178 -0.043221 0.027759 0.099743 0.150612 0.191457 0.172888 0.095263 0.144176 0.236176 0.310224 0.322648 0.219360 0.106105 -0.019435 -0.048568 0.019361 0.017218 0.011189 0.009116 0.007694 -0.000526 -0.117775 -0.025157 -0.004466 0.122587 0.211068 0.114003 0.056963 0.242633 0.657368 0.755664 0.580967 0.419581 0.292198 0.160465 0.071411
-0.066358 -0.193098 -0.145590 -0.060438 -0.062554 -0.132092 -0.122295 0.033685 0.229737 0.388063 0.469456 0.457091 0.297814 0.128668 0.054941 -0.005051 -0.034057 0.016255 0.091953 0.161136 0.194662 0.194985 0.149369 0.070734 0.004057 -0.031848 -0.029545 0.032740 0.097526 0.141513 0.167930 0.139401 0.094341 0.168394 0.278111 0.315852 0.269960 0.234004 0.198053 -0.011004 -0.220598 0.011987 0.031293 -0.012766 0.015209 0.015456 0.003430 -0.130467 -0.006714 0.021314 0.130003 0.128501 0.064369 0.094953 0.045706 0.352288 0.694424 0.644380 0.446154 0.335094 0.212673 0.107396
-0.037048 -0.145468 -0.103185 -0.113854 -0.230074 -0.353738 -0.153715 0.193740 0.420252 0.536469 0.552181 0.477971 0.256062 0.054078 -0.046349 -0.061825 -0.062534 0.013153 0.120099 0.194913 0.210027 0.184433 0.130394 0.067224 0.018235 -0.009574 -0.016201 0.019501 0.067686 0.114740 0.121767 0.092615 0.130462 0.212931 0.250256 0.248336 0.185948 0.227866 0.240928 0.041433 -0.186422 -0.028008 0.039655 0.041152 0.014859 0.009974 0.004275 -0.069562 0.003007 0.110286 0.099947 0.063690 0.028456 0.059283 0.052401 0.124420 0.362669 0.601380 0.621288 0.355517 0.244097 0.128572
-0.033265 -0.096529 -0.089923 -0.224747 -0.432565 -0.397157 0.041070 0.411777 0.618223 0.652049 0.576461 0.402697 0.148695 -0.054019 -0.163879 -0.154953 -0.126342 -0.000059 0.158274 0.245975 0.239012 0.151106 0.094575 0.051739 0.020632 0.012028 0.009763 0.025975 0.053088 0.072433 0.077529 0.102529 0.177024 0.224742 0.199138 0.174118 0.126679 0.153613 0.243874 0.124112 -0.068658 -0.106468 0.080018 0.027227 0.011394 0.013916 0.005150 -0.016833 0.040582 0.038880 0.006918 0.013503 0.030427 0.030788 0.022366 0.055649 0.242349 0.329095 0.722452 0.355629 0.219958 0.145453
-0.028298 -0.091506 -0.138629 -0.325708 -0.451392 -0.192655 0.271797 0.588584 0.717339 0.633215 0.483254 0.292944 0.051026 -0.168930 -0.260581 -0.262329 -0.192339 0.014906 0.209391 0.328186 0.291154 0.122289 0.045430 0.033170 0.031790 0.052917 0.064268 0.064365 0.077570 0.066140 0.068024 0.109263 0.166291 0.192528 0.159169 0.113129 0.079689 0.086351 0.225942 0.139027 0.001000 -0.016097 0.047829 0.023825 0.014664 0.006925 0.006561 0.000649 0.017868 -0.013960 -0.016230 -0.017954 -0.011458 0.004474 -0.011112 0.085734 0.728622 0.170900 0.657831 0.337195 0.211793 0.163360
-0.073871 -0.138810 -0.210284 -0.325006 -0.252522 0.100634 0.464842 0.680003 0.641883 0.499731 0.334425 0.149676 -0.047988 -0.249437 -0.330812 -0.369220 -0.251638 -0.000303 0.248423 0.380378 0.343953 0.125256 0.004710 -0.008090 0.020528 0.077134 0.102005 0.107765 0.094526 0.097499 0.075808 0.082471 0.101127 0.148391 0.113341 0.083071 0.072555 0.086411 0.170855 0.091810 0.066090 0.028961 0.002206 0.027171 0.016942 0.007750 0.108788 -0.070633 0.024112 -0.018445 -0.022713 -0.014647 -0.012607 -0.006705 -0.028249 0.026806 0.502124 0.118267 0.522913 0.322439 0.307903 0.243788
-0.131504 -0.219167 -0.237837 -0.184611 0.044297 0.349109 0.548156 0.562501 0.480292 0.357181 0.187854 0.036276 -0.112097 -0.285364 -0.382700 -0.420957 -0.293835 -0.026907 0.271102 0.395131 0.340402 0.127617 -0.021282 -0.033836 0.018792 0.074518 0.116231 0.129315 0.117517 0.102300 0.073499 0.038181 0.037847 0.078359 0.056249 0.074577 0.088591 0.101067 0.097202 0.065413 0.064359 0.062140 -0.011121 0.042789 0.154682 -0.018116 0.023630 0.057868 -0.015730 -0.036291 -0.024489 0.042573 -0.014469 -0.019545 -0.014681 0.020362 0.252699 0.071245 0.212485 0.379170 0.399265 0.345118
-0.243132 -0.253912 -0.153378 0.028434 0.273397 0.427513 0.449452 0.414045 0.345334 0.227708 0.086941 -0.030010 -0.139486 -0.290537 -0.407705 -0.401389 -0.293935 -0.035714 0.247961 0.387810 0.301657 0.102613 -0.041753 -0.071733 0.006085 0.075296 0.123663 0.137803 0.129676 0.100174 0.051523 0.017069 -0.017706 -0.004397 0.006993 0.053934 0.055071 0.059383 0.084229 0.054987 0.088475 0.054434 0.057292 0.019116 0.011886 -0.001682 0.043921 0.058358 -0.017744 0.002044 -0.028721 -0.004639 0.016824 -0.031428 -0.010376 -0.001548 0.135407 -0.098911 -0.028061 0.361254 0.495638 0.419083
-0.275539 -0.201232 -0.014123 0.207016 0.367769 0.370156 0.340916 0.310366 0.242092 0.143169 0.038971 -0.049321 -0.135742 -0.270513 -0.386732 -0.351248 -0.242131 -0.020102 0.227048 0.355098 0.259090 0.070974 -0.039918 -0.077034 0.003081 0.057544 0.123092 0.137439 0.140612 0.098598 0.060364 0.003446 -0.061643 -0.055709 -0.020655 -0.027302 -0.000787 0.079887 0.092523 0.053879 0.136474 0.079433 0.020946 0.016296 0.022099 -0.000662 -0.017930 0.086653 0.060125 -0.017389 -0.039969 0.050691 0.065683 0.005123 -0.021034 0.003935 0.015726 -0.399785 -0.226125 0.261735 0.469675 0.508208
