public/ISAM/currentv_asc/currentv-2024-07-20T00-00-00.asc
ncols         120
nrows         120
xllcorner     110.0
yllcorner     3.0
cellsize      0.25
NODATA_value  0.0
[rows 0 to 26 of 120, columns 0 to 61 of 120]
-0.016013 -0.005443 -0.006627 -0.008728 -0.005411 -0.008486 -0.004065 -0.009785 -0.006836 -0.004837 -0.001489 -0.004149 0.002136 0.001481 0.006136 0.002600 0.006407 0.003638 0.006561 0.000935 0.003759 0.000309 0.003968 -0.000562 0.002935 0.000638 0.004107 -0.000679 0.001181 -0.001219 0.001574 -0.002302 -0.001354 -0.002847 -0.000734 -0.003572 -0.003113 -0.003471 -0.002644 -0.002756 0.002014 0.003178 0.011848 0.015899 0.032269 0.066024 0.062883 0.029424 -0.073358 -0.086690 -0.207382 -0.144201 -0.275550 -0.237637 -0.246109 -0.208856 -0.208407 -0.194058 -0.188918 -0.201785 -0.209660 -0.157470
-0.010852 -0.005601 -0.009885 -0.006772 -0.006184 -0.006457 -0.005234 -0.008698 -0.007934 -0.004005 -0.003414 -0.003158 -0.000168 0.002889 0.004651 0.004751 0.005091 0.004861 0.004419 0.002569 0.002085 0.002384 0.003473 0.002904 0.004528 0.005668 0.007166 0.005588 0.005754 0.005412 0.005374 0.003830 0.002364 0.001787 0.000817 -0.000114 -0.001567 -0.002296 -0.003358 -0.002625 0.003075 0.007815 0.014642 0.016241 0.061552 0.073544 0.054813 0.027138 -0.168969 -0.126433 -0.198046 -0.288448 -0.301188 -0.114872 -0.154290 -0.191339 -0.101698 -0.115090 -0.125518 -0.128914 -0.124808 -0.071537
-0.007623 -0.002554 -0.004111 -0.003204 -0.002118 -0.005598 -0.003506 -0.007037 -0.005698 -0.003613 -0.001744 -0.001188 0.001961 0.003758 0.006148 0.006465 0.006589 0.005683 0.005113 0.003137 0.002837 0.001609 0.003692 0.003175 0.005533 0.005311 0.007559 0.006311 0.007487 0.005029 0.006184 0.004058 0.003426 0.001058 0.001100 -0.000221 -0.001255 -0.004013 -0.004898 -0.003461 0.001288 0.005034 0.010934 0.017891 0.034327 0.051891 0.064093 -0.022207 -0.055413 0.000538 -0.163153 -0.356558 -0.247295 -0.104214 -0.079406 -0.070425 0.021295 -0.008810 -0.064086 -0.035782 -0.014918 -0.000680
-0.006327 0.002659 -0.000591 0.001462 -0.000062 -0.000882 -0.001367 -0.003048 -0.004761 0.000295 0.000437 0.001813 0.003881 0.007046 0.008281 0.009605 0.008689 0.008473 0.007002 0.006343 0.004456 0.004289 0.004555 0.005434 0.006082 0.007635 0.008268 0.008567 0.007695 0.007970 0.006791 0.006732 0.003973 0.004037 0.002508 0.002329 -0.000426 -0.000780 -0.001822 0.000176 0.003151 0.008001 0.011263 0.016620 0.027521 0.025690 0.033346 0.027176 0.009871 0.021140 -0.149887 -0.282351 -0.253085 -0.120292 -0.096453 -0.061851 -0.058538 -0.027091 0.043954 0.061505 0.035846 0.048655
-0.003426 0.002622 0.003768 0.002304 0.002922 -0.002754 0.000787 -0.002938 -0.001692 0.000205 0.002770 0.003042 0.006777 0.007118 0.010273 0.010065 0.010663 0.008297 0.008610 0.006254 0.005986 0.003759 0.005552 0.004690 0.006979 0.006010 0.009138 0.007867 0.009044 0.006558 0.008142 0.006416 0.006319 0.003305 0.003970 0.002635 0.002342 -0.001008 0.000615 0.000423 0.004079 0.005180 0.010433 0.012438 0.025088 0.017743 0.013458 0.023534 0.062363 -0.062593 -0.065578 -0.214770 -0.241941 -0.221087 -0.152243 -0.077610 -0.059756 0.034079 0.098566 0.097071 0.070736 0.078735
-0.006299 0.003209 0.000973 0.002491 -0.000460 -0.001886 -0.001708 -0.002574 -0.004611 0.000610 0.000891 0.002833 0.003993 0.007059 0.007330 0.008766 0.007119 0.006790 0.005544 0.004505 0.002626 0.002054 0.001915 0.002730 0.003403 0.004671 0.005492 0.006597 0.005589 0.005900 0.005241 0.005466 0.003213 0.003092 0.001254 0.002248 -0.000111 -0.000567 -0.000928 -0.000211 -0.000031 0.003817 0.005371 0.012977 0.016430 -0.009230 -0.005539 0.003600 0.074785 -0.034794 -0.123171 -0.039717 -0.107863 -0.182520 -0.099847 -0.016425 0.103951 0.075186 0.057619 0.017080 0.063742 0.105722
-0.005298 0.001874 0.003901 0.002484 0.003721 -0.001589 0.001216 -0.002204 -0.000809 0.001324 0.003186 0.003562 0.006976 0.007695 0.009384 0.008665 0.009452 0.006871 0.007175 0.004378 0.004349 0.002100 0.003976 0.003351 0.005899 0.005195 0.008177 0.006732 0.008416 0.006121 0.007492 0.005538 0.005961 0.002927 0.003544 0.002128 0.002926 0.001001 0.003751 0.003065 0.006365 0.007446 0.010524 0.011079 0.017241 0.011765 -0.022324 -0.012702 0.036039 0.029480 -0.174335 -0.062826 -0.115068 -0.157138 -0.143135 -0.133962 -0.063350 -0.045589 -0.022755 0.059102 0.106365 0.065008
-0.006892 0.003166 0.002084 0.003999 0.001089 0.000393 0.000267 -0.000607 -0.001589 0.003501 0.003357 0.004628 0.005854 0.008698 0.008695 0.009188 0.007766 0.007053 0.005816 0.004949 0.003092 0.002811 0.002751 0.003843 0.004049 0.006155 0.006586 0.007651 0.006461 0.007429 0.006265 0.006675 0.003837 0.004307 0.002398 0.004302 0.002136 0.004218 0.004550 0.005154 0.003907 0.008107 0.009145 0.011242 0.010257 0.002645 -0.007262 -0.045626 -0.016593 -0.012241 -0.066007 -0.097552 -0.016866 0.040838 -0.119004 -0.090226 -0.120748 -0.139339 -0.110648 -0.018831 0.050345 0.062367
-0.005513 0.000129 0.002105 0.002368 0.003059 -0.002460 0.001116 -0.001828 -0.000131 0.001306 0.003452 0.003209 0.006707 0.005992 0.008311 0.006992 0.008084 0.004991 0.005882 0.003334 0.003746 0.001656 0.003662 0.002879 0.005754 0.005255 0.008326 0.007256 0.008864 0.006465 0.007785 0.005954 0.005854 0.003256 0.004134 0.004038 0.004975 0.003821 0.006822 0.005916 0.007010 0.007136 0.009900 0.010529 0.009271 -0.003304 -0.019591 -0.039736 -0.072273 -0.062494 -0.029538 -0.114904 -0.029127 -0.018517 -0.111377 -0.170487 -0.035124 -0.026939 -0.122608 -0.094430 0.016727 0.012619
-0.011450 -0.001981 -0.002433 0.000875 -0.002132 -0.003090 -0.002860 -0.003327 -0.005517 -0.000765 -0.001524 -0.000279 0.000784 0.002545 0.002294 0.003170 0.001369 0.001557 0.000581 0.000299 -0.001402 -0.001279 -0.001375 0.000366 0.000709 0.003095 0.003390 0.004622 0.003214 0.003990 0.002365 0.002505 -0.000363 0.000295 -0.001153 0.000597 -0.000311 0.002509 0.003883 0.005547 0.004017 0.006862 0.007462 0.009772 0.003456 -0.009637 -0.042940 -0.049150 -0.105355 -0.114166 -0.085633 0.171473 0.093455 0.065633 -0.031619 -0.065889 -0.174072 -0.034775 0.019037 -0.064159 0.009146 -0.012470
-0.007047 -0.001739 0.001022 0.001689 0.003018 -0.002388 0.001392 -0.002582 -0.001025 -0.000264 0.001963 0.000073 0.003570 0.002194 0.004886 0.002902 0.004610 0.001823 0.003156 0.000341 0.001778 -0.000812 0.002229 0.001300 0.004980 0.003452 0.007136 0.004897 0.007438 0.004011 0.006087 0.002798 0.003933 0.000049 0.002182 0.000340 0.003451 0.002176 0.007716 0.004328 0.007557 0.005472 0.008525 0.006107 0.025753 -0.034611 -0.008319 -0.054022 -0.117751 -0.127171 -0.164374 0.008622 0.140399 -0.016121 -0.077472 0.026614 0.015179 -0.053466 -0.041644 0.081043 0.036343 -0.000053
-0.009788 -0.001019 -0.000940 0.002648 0.000059 -0.001037 -0.001087 -0.002371 -0.004860 -0.000065 -0.001333 -0.000474 -0.000062 0.001940 0.001796 0.003029 0.001394 0.001897 0.000430 0.000947 -0.000645 -0.000111 -0.000066 0.002032 0.001916 0.004608 0.004262 0.005549 0.004005 0.005101 0.003162 0.003292 -0.000174 0.000850 -0.001501 0.000857 0.000135 0.003771 0.004995 0.005066 0.002235 0.005178 0.003142 0.007878 0.001271 -0.012142 -0.062019 -0.118143 -0.088221 -0.201245 -0.270562 0.173546 0.078195 -0.032043 -0.104053 0.049412 0.032513 -0.029260 -0.070036 0.016723 -0.046978 -0.018503
-0.004860 -0.001174 0.002262 0.002644 0.003059 -0.002948 0.000348 -0.003723 -0.002769 -0.002264 0.000309 -0.002306 0.001756 0.000040 0.003340 0.002089 0.003623 0.000762 0.002570 0.000222 0.001563 -0.001060 0.002047 0.001005 0.004375 0.003115 0.006657 0.004799 0.006885 0.003687 0.005956 0.002453 0.003006 -0.001140 0.000392 -0.000977 0.002709 0.002116 0.007359 0.003768 0.005512 0.003237 0.006516 0.004985 0.001776 -0.017907 -0.044093 -0.163029 -0.098955 -0.272285 -0.049974 0.060148 0.078354 -0.073865 -0.043475 0.025134 0.042368 0.044295 0.044863 0.084427 0.050527 -0.053477
-0.006769 0.000441 0.000101 0.003550 0.000731 -0.001402 -0.001761 -0.002868 -0.005594 -0.000633 -0.001532 -0.001058 -0.000668 0.001410 0.001763 0.003011 0.001905 0.002578 0.001077 0.001645 -0.000195 0.000245 -0.000090 0.001892 0.001854 0.004308 0.004633 0.005749 0.004349 0.005810 0.003438 0.003650 0.000091 -0.000000 -0.001827 0.000171 -0.000110 0.004368 0.005801 0.005511 0.003580 0.006140 0.004702 0.005658 -0.004686 -0.023151 -0.060488 -0.125571 -0.175954 -0.188737 -0.105029 0.095653 0.005651 -0.001701 0.012790 0.025893 0.001223 0.073104 0.041760 0.068767 0.012480 -0.021947
-0.003920 -0.000062 0.002592 0.002408 0.002926 -0.003094 0.000186 -0.004082 -0.002792 -0.002203 0.000285 -0.002202 0.001795 0.000266 0.003033 0.001890 0.003669 0.001152 0.002799 0.000553 0.001959 -0.000904 0.001500 0.000437 0.004228 0.003206 0.006644 0.004630 0.007396 0.004097 0.006393 0.002043 0.002925 -0.001872 -0.000167 -0.002036 0.002094 0.001288 0.007167 0.002391 0.005768 0.004239 0.008935 0.004686 -0.003145 -0.026078 -0.066817 -0.126722 -0.191444 -0.194862 -0.024086 0.041262 -0.043804 0.026027 0.097983 0.039394 0.000695 0.063888 0.030249 0.014929 0.047977 0.088205
-0.007036 0.000845 -0.000047 0.003142 0.000000 -0.001123 -0.002111 -0.002968 -0.005139 -0.000297 -0.001179 -0.000574 -0.000469 0.001450 0.001396 0.002781 0.001395 0.002350 0.000463 0.001039 -0.000758 -0.000194 -0.000839 0.001223 0.001659 0.004327 0.004515 0.006216 0.004908 0.006443 0.004505 0.003623 0.000296 0.000430 -0.002203 -0.000356 -0.000565 0.003529 0.005090 0.005601 0.004021 0.009345 0.007866 0.005922 -0.009324 -0.029667 -0.073135 -0.145310 -0.143894 -0.180998 -0.007228 -0.008397 -0.046422 0.012388 0.161102 0.052059 -0.057278 0.004029 0.049945 0.030110 0.012999 0.103684
-0.004692 -0.000864 0.001578 0.001429 0.002199 -0.003795 -0.000019 -0.003915 -0.002535 -0.001808 0.000982 -0.001518 0.001886 0.000104 0.003218 0.001830 0.003495 0.000530 0.001772 -0.000397 0.000516 -0.002218 0.000080 -0.000368 0.003315 0.002630 0.006629 0.005322 0.007712 0.004562 0.006519 0.002365 0.003021 -0.001524 -0.000251 -0.001562 0.002607 0.002545 0.008653 0.006283 0.010735 0.009879 0.011519 0.004130 -0.010053 -0.039186 -0.087915 -0.123437 -0.159022 -0.137514 0.101073 0.039223 -0.061826 -0.037092 0.071995 0.067362 -0.044461 -0.060433 0.042606 0.060820 0.035417 0.070269
-0.008647 -0.001236 -0.001974 0.001467 -0.001191 -0.002653 -0.002573 -0.002786 -0.005024 -0.000387 -0.001040 -0.000387 -0.000463 0.001072 0.000695 0.001900 0.000341 0.000328 -0.001236 -0.001046 -0.002952 -0.002936 -0.003553 -0.000854 -0.000216 0.002987 0.003804 0.005777 0.004725 0.006059 0.003946 0.003678 0.000386 -0.000026 -0.002219 0.000251 0.000925 0.006227 0.008641 0.012039 0.012685 0.017439 0.013081 0.006295 -0.015241 -0.050755 -0.111213 -0.112988 -0.119255 0.117086 0.154637 0.055102 0.046687 0.086272 -0.057249 0.021623 -0.014374 -0.037817 -0.001626 0.110103 0.076147 0.065491
-0.007185 -0.002717 -0.000388 -0.000337 0.001192 -0.003829 -0.000031 -0.003686 -0.002119 -0.001131 0.001241 -0.001457 0.001947 -0.000194 0.002090 0.000351 0.001923 -0.001239 0.000043 -0.002309 -0.001423 -0.004168 -0.001671 -0.001912 0.002576 0.001915 0.006768 0.005169 0.008136 0.004702 0.006686 0.002529 0.004071 -0.000520 0.001082 0.000377 0.005414 0.006216 0.014174 0.014400 0.019262 0.017894 0.016123 0.000902 -0.019083 -0.054477 -0.128427 -0.083774 0.065068 0.254733 0.182816 0.162417 0.144937 0.063458 -0.113778 -0.111042 -0.020851 -0.050970 0.018380 0.062331 0.082730 0.038296
-0.010271 -0.002028 -0.003142 0.000425 -0.001601 -0.001888 -0.002125 -0.002022 -0.004539 0.000644 -0.000681 -0.000166 -0.000557 0.000695 -0.000084 0.000282 -0.001187 -0.001034 -0.003098 -0.002724 -0.004715 -0.003787 -0.004562 -0.001543 -0.000012 0.003785 0.004384 0.006609 0.005677 0.007229 0.005285 0.005330 0.002399 0.003351 0.000307 0.003464 0.004519 0.012336 0.014245 0.019321 0.017212 0.017969 0.007704 -0.007952 -0.038102 -0.047494 -0.081929 -0.043427 0.251916 0.443155 0.284122 0.168379 0.121031 -0.047280 -0.193903 -0.128299 -0.044772 0.037162 -0.024029 0.007254 0.061509 0.042233
-0.007298 -0.002791 -0.000303 0.000163 0.001804 -0.003323 0.000752 -0.002707 -0.001024 -0.000380 0.002003 -0.000662 0.002341 -0.000298 0.001732 0.000115 0.001208 -0.002081 -0.001025 -0.002769 -0.001935 -0.004693 -0.002059 -0.001699 0.002553 0.002410 0.006989 0.005718 0.008733 0.005184 0.007718 0.004954 0.006640 0.002141 0.003559 0.003823 0.010289 0.014041 0.020698 0.019663 0.019265 0.008705 -0.001016 -0.024417 -0.016376 -0.032185 -0.052538 0.116428 0.370771 0.437367 0.224821 0.178172 0.039290 -0.170110 -0.236135 -0.038005 0.018188 0.033358 -0.058052 -0.035024 0.020185 0.093364
-0.009135 -0.002120 -0.002815 0.000951 -0.000560 -0.001713 -0.001248 -0.001316 -0.003527 0.001027 0.000049 0.000264 -0.000060 0.000640 -0.000038 0.000236 -0.001118 -0.001525 -0.003183 -0.002711 -0.004518 -0.004105 -0.004513 -0.001379 -0.000326 0.003251 0.003863 0.006562 0.004859 0.006481 0.004849 0.006493 0.004194 0.004901 0.001991 0.006674 0.009487 0.018221 0.019892 0.020363 0.010813 0.002151 -0.017174 -0.008917 0.013782 0.042634 0.108322 0.217638 0.332875 0.296859 0.141572 0.162463 -0.075031 -0.165484 -0.152177 -0.001171 0.041608 -0.002564 -0.084894 -0.038664 -0.007074 0.134646
-0.007195 -0.002548 -0.000078 -0.000019 0.002249 -0.002530 0.001390 -0.002167 -0.000356 0.000505 0.002928 0.000170 0.003073 0.000363 0.002331 0.000399 0.001777 -0.001789 -0.000196 -0.002257 -0.001043 -0.003522 -0.000817 -0.001170 0.003103 0.002490 0.006702 0.005021 0.007843 0.004873 0.007768 0.005615 0.007425 0.003499 0.004610 0.005461 0.012923 0.015578 0.021063 0.011581 0.004242 -0.015081 -0.040442 0.007177 0.087289 0.121333 0.200415 0.289614 0.225024 0.065405 0.082724 0.102751 -0.038368 -0.038002 0.016968 0.018608 0.033751 0.002919 -0.040001 -0.078435 -0.038183 0.056890
-0.008268 -0.000943 -0.002197 0.001445 -0.000640 -0.000526 -0.000948 -0.000696 -0.002905 0.002261 0.001351 0.001398 0.000939 0.002074 0.000555 0.001164 -0.000407 -0.000395 -0.002071 -0.000927 -0.003007 -0.002190 -0.003144 0.000229 0.000081 0.003716 0.003547 0.005794 0.004528 0.006700 0.006107 0.008248 0.005421 0.007679 0.004783 0.009453 0.012128 0.018731 0.016455 0.009869 -0.007996 -0.023668 -0.039789 0.115986 0.186066 0.215274 0.252484 0.224445 0.079289 -0.058900 0.030791 0.121537 0.054736 0.075745 0.050262 0.056178 0.109877 0.158621 0.036127 -0.079968 -0.075061 0.002109
-0.005629 -0.001679 0.001042 0.000837 0.002713 -0.002553 0.001699 -0.001800 -0.000119 0.000764 0.003401 0.000806 0.003699 0.000811 0.002742 0.001080 0.002507 -0.001059 0.000647 -0.001144 -0.000035 -0.002633 -0.000126 -0.000539 0.003227 0.002236 0.006171 0.004743 0.008183 0.005556 0.009072 0.006651 0.008852 0.006339 0.010674 0.011055 0.017871 0.017534 0.019226 0.002352 -0.016903 0.050486 0.109365 0.258431 0.275428 0.198214 0.071411 0.189653 0.066688 0.038143 -0.019907 0.167345 0.147883 0.071071 0.061795 0.132095 0.133203 0.303081 0.121809 0.046362 0.040427 0.037949
-0.007513 -0.001083 -0.001916 0.001323 -0.000811 -0.001290 -0.001599 -0.001121 -0.003285 0.001592 0.000961 0.001396 0.001039 0.001838 0.000893 0.001630 0.000278 0.000106 -0.001419 -0.000167 -0.002291 -0.001375 -0.002706 0.000368 0.000305 0.003061 0.002715 0.005400 0.004934 0.007915 0.005975 0.008593 0.006167 0.010773 0.009742 0.015630 0.014504 0.018702 0.016219 -0.001180 -0.027180 0.093570 0.266594 0.271392 0.205848 0.071225 0.110247 0.195660 0.112171 0.055239 -0.020781 0.108079 0.153310 0.087819 0.073776 0.174392 0.157113 0.184445 0.187093 0.121986 0.139431 0.223841
-0.005688 -0.001245 0.001185 0.000304 0.002175 -0.002223 0.001348 -0.001928 -0.000089 0.000858 0.003510 0.000675 0.004057 0.001318 0.003231 0.001351 0.003771 0.000440 0.002473 0.000422 0.002290 -0.000591 0.001559 0.000713 0.004262 0.002609 0.006297 0.005826 0.008583 0.006272 0.008306 0.007502 0.009899 0.008577 0.012887 0.011622 0.016837 0.014837 0.012240 -0.005133 0.043709 0.152772 0.217185 0.279974 0.170700 0.164756 0.110203 0.234022 0.070387 -0.033850 0.066518 0.140315 0.150322 0.191354 0.176993 0.142805 0.156863 0.130620 0.142428 0.180594 0.322808 0.561036
