public/ISAM/currentv_asc/currentv-2024-07-20T00-00-00.asc
ncols         120
nrows         120
xllcorner     110.0
yllcorner     3.0
cellsize      0.25
NODATA_value  0.0
[rows 81 to 107 of 120, columns 0 to 61 of 120]
-0.281774 -0.105604 0.147200 0.327039 0.316259 0.275786 0.260936 0.219866 0.159993 0.086327 0.016117 -0.050875 -0.120416 -0.231592 -0.336910 -0.299258 -0.166583 0.011753 0.204387 0.287222 0.211238 0.058330 -0.044951 -0.052753 0.005269 0.030847 0.082426 0.097422 0.111710 0.106803 0.062730 -0.013934 -0.085521 -0.097732 -0.112904 -0.163337 -0.001418 0.113331 0.162132 0.082676 -0.047965 0.056185 0.044983 0.086805 0.026712 0.010672 -0.098457 -0.025204 0.009324 0.050398 0.015593 0.100369 0.105202 -0.021090 0.059639 0.291384 -0.016087 -0.396196 0.022372 0.006418 0.170915 0.512857
-0.206607 0.083240 0.299565 0.292787 0.233910 0.206488 0.198788 0.148039 0.106513 0.055962 0.009934 -0.038800 -0.083232 -0.157777 -0.241397 -0.247276 -0.109551 0.042544 0.181508 0.189256 0.159703 0.042825 -0.005586 -0.009139 0.012839 0.012282 0.035727 0.035844 0.081204 0.109036 0.075737 -0.009630 -0.104422 -0.143184 -0.228484 -0.190926 0.056892 0.162205 0.150313 0.110837 -0.052164 -0.036996 0.120796 0.083018 0.043455 0.010353 -0.201414 0.008014 -0.009852 -0.018653 0.000868 0.069568 0.125014 -0.008256 0.024935 0.009781 0.043002 -0.340551 0.006208 0.025660 0.025154 0.238209
0.037041 0.287106 0.323573 0.228288 0.153201 0.165742 0.131632 0.093246 0.065478 0.027237 0.000941 -0.019708 -0.036390 -0.076569 -0.133534 -0.148711 -0.053011 0.060399 0.113546 0.118480 0.075244 0.037723 0.020582 0.016743 0.001475 -0.003539 -0.006711 -0.019361 0.041387 0.104138 0.070208 -0.037082 -0.169498 -0.218029 -0.212066 -0.054174 0.134044 0.162275 0.090598 0.062881 0.056435 0.006269 0.044377 0.068405 -0.001959 -0.019775 -0.216885 0.079769 0.017084 0.027396 -0.018660 0.052577 0.069071 -0.008274 -0.014835 -0.015592 0.120621 0.100592 -0.022321 -0.004356 -0.009185 0.071577
0.253851 0.406123 0.340202 0.178792 0.102399 0.127968 0.086267 0.065910 0.041534 0.007346 0.003356 0.010679 0.009211 -0.012129 -0.037792 -0.041954 -0.002303 0.044188 0.072085 0.064204 0.056344 0.045303 0.049414 0.034681 0.010472 0.000011 -0.009890 -0.033133 0.011692 0.098038 0.016437 -0.113741 -0.229077 -0.178563 -0.046402 0.099927 0.169115 0.123133 0.027564 0.031086 0.064606 0.052452 -0.013743 0.020013 -0.001653 0.005071 -0.097362 0.012487 0.053630 0.014520 0.023593 0.053465 0.096327 -0.005346 -0.000947 -0.011932 -0.004347 0.086587 -0.032176 -0.009541 -0.003677 0.037038
0.421425 0.481615 0.333160 0.128930 0.083401 0.081418 0.045264 0.044871 0.029366 0.008540 0.017820 0.038207 0.039784 0.030353 0.012955 0.005539 0.007808 0.023311 0.047417 0.067541 0.062387 0.067502 0.071664 0.048331 0.030302 0.023081 -0.000941 -0.010413 0.000050 0.046158 -0.073358 -0.168940 -0.162993 -0.040666 0.085175 0.152395 0.169773 0.131075 0.048075 -0.006893 0.058035 -0.086515 -0.004297 0.002702 0.022845 0.025758 -0.007652 -0.022092 0.040733 0.028608 0.039769 0.010150 -0.004465 -0.013223 0.007709 -0.003930 0.018006 0.022333 -0.037261 0.017800 0.005772 0.021769
0.491903 0.493812 0.293496 0.073333 0.077214 0.039208 0.017310 0.029782 0.037781 0.027029 0.043602 0.061100 0.059725 0.044796 0.029133 0.012271 0.012733 0.024002 0.046614 0.084004 0.072142 0.064823 0.085750 0.051741 0.024067 0.013575 0.001108 0.004984 -0.045232 -0.051236 -0.122288 -0.158225 -0.080052 0.029608 0.128544 0.178516 0.162845 0.133311 0.071092 -0.008874 -0.093969 -0.048120 0.036418 0.024415 0.019784 0.075731 0.042856 -0.018567 0.036887 0.034785 0.021428 0.003485 -0.011947 -0.036441 0.005725 0.000186 -0.004854 0.078608 -0.006321 0.004993 0.007675 0.008012
0.495172 0.454762 0.224895 0.010143 0.039629 0.004262 -0.006232 0.019960 0.049504 0.059134 0.073671 0.082969 0.069392 0.052047 0.024581 0.001749 0.009962 0.040784 0.054381 0.076531 0.073119 0.061326 0.083875 0.050346 0.003412 -0.003770 -0.001219 -0.003024 -0.079352 -0.107720 -0.134009 -0.119471 -0.033442 0.075318 0.171011 0.161042 0.104601 0.113259 0.066111 0.019757 -0.167903 -0.013110 0.067633 0.024132 0.007608 0.065656 0.105160 0.028288 0.029139 0.029495 0.014661 0.001536 -0.008109 0.075237 0.006660 -0.016249 -0.014384 0.087463 -0.012661 -0.007178 -0.000186 0.001031
0.413129 0.397785 0.146318 -0.046159 -0.019175 -0.038268 -0.028790 0.009088 0.062029 0.099541 0.118513 0.114178 0.088032 0.059576 0.023363 -0.005333 0.003671 0.064522 0.059634 0.061805 0.059493 0.068132 0.085958 0.043016 0.008822 0.008897 -0.012610 -0.018250 -0.069578 -0.117388 -0.097781 -0.083006 0.012800 0.120471 0.194119 0.111094 0.035805 0.058496 0.073511 0.019401 -0.210211 0.043086 0.099878 0.029149 0.039669 0.087139 0.120871 0.039948 -0.019549 0.025012 0.014611 -0.007309 0.048277 0.066181 -0.033705 0.001534 -0.014365 0.058187 -0.006563 -0.007827 0.000792 -0.028804
0.315439 0.308488 0.059020 -0.117951 -0.075162 -0.081193 -0.057506 -0.006605 0.065472 0.119965 0.145545 0.133170 0.097260 0.059178 0.019866 0.003936 0.012616 0.049756 0.062343 0.053184 0.053915 0.065101 0.071734 0.057853 0.030236 0.012272 -0.031098 -0.034584 -0.039984 -0.101652 -0.098409 -0.031161 0.067026 0.149053 0.166536 0.065965 0.024208 0.004560 0.062828 0.043570 -0.252018 0.075516 0.114969 0.098907 0.097021 0.123603 0.083629 -0.010866 0.032174 0.019151 0.014443 0.097462 -0.011492 -0.020954 -0.012024 0.063944 -0.013307 0.044347 -0.008924 -0.001703 -0.050360 -0.079568
0.238720 0.163532 -0.015817 -0.204786 -0.097608 -0.103612 -0.074378 -0.017221 0.084058 0.135113 0.161412 0.146966 0.116977 0.061773 0.009966 -0.002550 0.017488 0.039974 0.052839 0.050586 0.035160 0.070046 0.080478 0.077506 0.050506 0.003555 -0.015611 -0.025200 -0.021598 -0.073836 -0.068788 0.007988 0.090804 0.144736 0.048337 0.091847 -0.012313 0.028985 0.053214 0.017616 -0.168931 -0.039300 0.129725 0.162866 0.179725 0.138160 0.034153 -0.078385 0.046831 0.026191 0.009709 0.230241 -0.007827 -0.023041 -0.063805 -0.015514 -0.010905 -0.030565 -0.011615 0.043919 0.001804 -0.148356
0.091275 0.018989 -0.047991 -0.284506 -0.095604 -0.107822 -0.082501 -0.009438 0.082861 0.134088 0.161367 0.153512 0.129736 0.069999 0.003944 -0.010243 -0.003406 0.026273 0.050264 0.042673 0.002627 0.062558 0.089655 0.074864 0.050986 0.014267 0.015048 0.007340 -0.014246 -0.062506 -0.035155 0.029436 0.076916 0.148676 -0.049724 0.058087 0.006442 0.008889 0.102461 0.034233 -0.268809 -0.006743 0.093098 0.175057 0.212421 0.147882 0.024893 -0.074557 0.005648 0.060765 0.031463 0.040066 -0.008891 -0.016738 0.054106 -0.019363 -0.018086 0.004776 -0.014619 -0.044723 0.080960 -0.000561
-0.026843 -0.045466 -0.063010 -0.337608 -0.100185 -0.113123 -0.070386 0.005580 0.081706 0.129269 0.153774 0.145834 0.124168 0.075271 0.020208 -0.017115 -0.022424 0.004628 0.045316 0.028251 -0.002246 0.060681 0.085691 0.065761 0.048786 0.015126 0.026279 0.023343 -0.000632 -0.049489 -0.037262 0.059009 0.074743 0.129051 -0.011093 0.035487 0.002351 -0.103306 0.043165 0.008558 -0.110087 0.000917 0.053104 0.117890 0.188406 0.165518 0.083070 0.020000 0.047984 0.037888 0.032524 0.011634 0.004549 0.036130 -0.010720 0.087603 0.015216 -0.018785 -0.013356 -0.050195 -0.007650 -0.029454
-0.060074 -0.079614 -0.114400 -0.281496 -0.163977 -0.095531 -0.053649 0.018292 0.079904 0.125592 0.137475 0.122334 0.081659 0.078122 0.040599 -0.021659 -0.047722 -0.009088 0.031845 0.034321 0.006101 0.068348 0.087127 0.064507 0.021885 -0.011903 0.007064 0.031988 0.013797 -0.007829 -0.003326 0.027047 0.108147 0.009032 -0.021477 -0.106365 -0.151837 -0.078946 0.059432 0.075985 0.001345 -0.042938 -0.012012 0.071201 0.136942 0.148011 0.143140 0.128886 0.086387 0.020528 0.009965 0.008507 -0.007234 0.036966 0.006310 0.026665 -0.014372 -0.013514 -0.013166 0.053697 0.007124 -0.073985
-0.077045 -0.191553 -0.125946 -0.252959 -0.272821 -0.053291 -0.008458 0.033349 0.083410 0.112804 0.116343 0.079553 0.057642 0.087506 0.063671 -0.048962 -0.085619 -0.030786 0.036818 0.020447 0.011265 0.070429 0.094924 0.052732 -0.010754 -0.047174 -0.013398 0.040128 0.041015 0.048955 0.052795 -0.015752 0.017724 -0.031690 -0.007542 -0.078102 -0.039340 0.101352 0.204890 0.143641 0.011555 -0.068254 -0.085274 0.011759 0.122102 0.122720 0.185189 0.206927 0.158800 0.049854 -0.028935 0.022162 0.009654 -0.165866 -0.209205 -0.015018 -0.038219 0.011112 -0.041948 -0.049737 0.012693 0.130229
-0.112224 -0.235031 -0.161014 -0.279809 -0.359265 -0.033236 0.016491 0.035874 0.071195 0.094976 0.080928 0.056851 0.043038 0.069552 0.043826 -0.039257 -0.092901 -0.051571 -0.002311 0.000061 0.009881 0.063512 0.076977 0.023186 -0.037126 -0.057111 -0.016312 0.037660 0.037990 0.064642 0.068026 -0.032707 -0.026868 -0.007760 0.132401 0.165420 0.197650 0.209861 0.211403 0.143252 0.033823 -0.071589 -0.139195 -0.066775 0.056314 0.101903 0.188458 0.246436 0.245585 0.146362 -0.016081 -0.087429 0.016351 0.031272 0.006406 -0.169125 -0.042838 0.037537 0.048420 -0.118486 -0.074295 0.122648
-0.142472 -0.242224 -0.234153 -0.337252 -0.166721 -0.040081 0.003799 0.031654 0.056730 0.066080 0.069607 0.040138 0.038961 0.053033 0.030444 -0.009005 -0.055543 -0.075169 -0.031457 -0.025370 0.001778 0.050746 0.069768 0.032926 -0.012341 -0.033352 -0.009466 0.019625 0.042484 0.044776 0.012385 -0.037067 -0.008864 0.217062 0.242963 0.222135 0.279211 0.278448 0.189701 0.100596 0.007862 -0.086208 -0.156553 -0.146294 -0.019629 0.066469 0.168314 0.255261 0.309150 0.243731 0.074273 -0.140651 -0.174320 -0.211639 -0.089347 -0.220460 -0.055572 0.170269 0.115697 -0.043683 0.043335 -0.003711
-0.162092 -0.251259 -0.281431 -0.224400 -0.095719 -0.050398 -0.021755 0.022280 0.046212 0.049620 0.056915 0.021093 0.024168 0.053369 0.015075 -0.005412 0.010147 -0.022734 -0.117064 -0.042557 -0.008550 0.034070 0.074136 0.081031 0.042536 0.002971 -0.025612 0.004620 0.074716 0.019103 -0.028965 0.015365 0.192879 0.251301 0.317990 0.356653 0.344464 0.264896 0.157317 0.062350 0.006506 -0.120178 -0.165345 -0.181345 -0.088814 0.025468 0.136700 0.247220 0.323877 0.315224 0.112352 -0.083760 -0.111125 0.052551 -0.068196 -0.188750 -0.065428 0.249899 0.053438 -0.054108 -0.007719 0.002720
-0.172045 -0.209875 -0.219732 -0.151571 -0.072816 -0.070738 -0.025396 0.021935 0.041337 0.037589 0.020012 -0.009279 0.023030 0.064735 0.036929 -0.053530 -0.039426 0.043454 -0.091877 -0.070882 -0.024299 0.046175 0.144842 0.092064 0.041372 0.038600 0.012073 0.007345 0.050569 -0.033649 0.195618 0.259676 0.208748 0.177157 0.431998 0.380732 0.331894 0.240736 0.139893 0.037160 -0.008187 -0.113613 -0.154452 -0.201170 -0.103366 0.027250 0.157306 0.244180 0.306438 0.348991 0.164189 -0.076070 -0.064524 -0.001589 -0.018703 -0.025979 0.037606 -0.025541 -0.002289 -0.003799 -0.002449 -0.001078
-0.147215 -0.160069 -0.166979 -0.122018 -0.101568 -0.074014 -0.019582 0.030363 0.030965 0.036724 -0.026683 -0.005028 0.028412 0.095407 0.046131 -0.039192 -0.032510 -0.001110 -0.038873 -0.076276 -0.046424 0.078222 0.226446 0.120345 0.040701 -0.022093 0.063329 0.077123 -0.010629 0.070030 0.402245 0.211206 0.045883 0.183281 0.456595 0.361841 0.303765 0.225190 0.126886 0.038105 -0.015403 -0.078614 -0.151772 -0.179260 -0.071955 0.064776 0.170154 0.246879 0.286236 0.278326 0.139178 -0.070789 -0.049839 0.002800 -0.011116 -0.014195 0.073674 -0.013857 -0.010562 -0.004678 -0.005541 0.000796
-0.076981 -0.166300 -0.149150 -0.138599 -0.112288 -0.077242 -0.009443 0.058606 0.075226 0.047402 -0.046519 -0.001931 0.022064 0.051605 0.093702 -0.015601 0.024230 -0.055179 -0.032364 0.019947 -0.062963 0.031517 0.143990 0.224084 0.228515 0.000205 -0.087149 0.112590 0.055204 0.309792 0.284263 0.120795 0.016697 0.334131 0.414904 0.330927 0.283895 0.211185 0.127799 0.058016 -0.001792 -0.071604 -0.146311 -0.140663 -0.039434 0.086275 0.173595 0.241265 0.272211 0.128592 0.056481 0.023692 0.011581 0.000096 0.001257 0.002495 0.006573 -0.006292 -0.002802 -0.004716 -0.000422 -0.001302
-0.081284 -0.186748 -0.117544 -0.130131 -0.108028 -0.057433 0.012203 0.080948 0.150812 0.064164 -0.026655 -0.021543 0.011156 0.020597 0.064270 0.022838 0.055294 0.047643 -0.039639 0.023004 0.025614 -0.055054 0.083366 0.235900 0.299138 0.085266 -0.060464 -0.021874 0.161609 0.126089 0.298927 0.086974 0.011965 0.281605 0.386255 0.302153 0.245500 0.196443 0.121725 0.062342 -0.003111 -0.086163 -0.136669 -0.109549 -0.018300 0.084242 0.152284 0.215206 0.218084 0.058658 0.046330 0.065638 0.016567 0.003397 -0.032587 0.019444 -0.003508 -0.005895 -0.006219 -0.003858 -0.004035 -0.002249
-0.114457 -0.165753 -0.100922 -0.095185 -0.067510 -0.009721 0.057857 0.147046 0.209835 0.102696 -0.011176 -0.033390 -0.015081 -0.036847 0.015047 0.152333 0.098101 0.054902 -0.030527 -0.019623 -0.004910 -0.072288 0.060291 0.223206 0.344157 0.142215 -0.084391 0.022882 0.128336 0.058701 0.226637 0.068367 0.003196 0.166233 0.344908 0.265936 0.204039 0.162910 0.116217 0.059489 -0.005422 -0.085588 -0.107498 -0.075131 -0.001531 0.072897 0.124227 0.168964 0.192757 0.037419 0.070876 0.051617 -0.001580 0.007935 -0.041122 0.035746 -0.016968 -0.004915 -0.002300 -0.007011 -0.000208 -0.000991
-0.123359 -0.162647 -0.087057 -0.083812 -0.022920 0.041041 0.123500 0.192471 0.175131 0.119333 0.026859 -0.033113 -0.056895 -0.088113 -0.047668 0.205088 0.146527 0.099265 -0.001374 -0.025622 -0.030072 -0.055700 0.079159 0.159937 0.245560 0.197399 0.105945 0.103849 0.030904 0.012408 0.110247 0.070484 0.100182 0.153313 0.244394 0.245089 0.182787 0.129479 0.102334 0.070494 0.013220 -0.037490 -0.057467 -0.026547 0.011476 0.068458 0.085976 0.087588 0.040687 0.028816 0.093444 0.019424 0.015763 -0.008723 -0.029797 0.044480 0.013330 -0.007113 -0.005806 -0.005045 -0.005064 -0.000351
-0.099191 -0.130848 -0.105824 -0.061828 0.001355 0.051610 0.121507 0.167124 0.184658 0.149105 0.047596 -0.036693 -0.093660 -0.108124 -0.025586 0.137720 0.188025 0.108761 0.022307 -0.006296 -0.007306 0.020389 0.078221 0.094929 0.266272 0.164802 0.119840 0.013506 0.042332 0.026680 0.087160 0.087668 0.102491 0.099102 0.056045 0.207847 0.183601 0.108458 0.083771 0.071395 0.066329 0.034896 0.007339 0.000527 0.015527 0.034656 0.046914 -0.054024 0.013262 0.005119 0.058018 0.087057 0.016033 -0.101886 -0.023543 0.058638 0.085165 -0.007647 -0.008751 -0.004786 -0.003420 -0.002917
-0.094701 -0.098015 -0.089465 -0.045604 0.007262 0.034793 0.090583 0.159224 0.176842 0.179017 0.064782 -0.051573 -0.104917 -0.129280 -0.062051 0.084595 0.163462 0.130713 0.032560 -0.037702 0.028822 0.145277 0.108358 0.144885 0.157625 0.180426 0.068388 0.007265 0.024609 0.003764 0.023317 0.134392 0.116795 0.042952 0.005188 0.123218 0.155243 0.123843 0.100429 0.107187 0.099482 0.070960 0.053625 0.005319 -0.034635 -0.023521 0.003653 -0.120317 -0.013201 -0.039355 0.148659 0.121771 -0.036364 -0.143373 -0.113520 0.099790 0.214135 -0.015993 -0.015547 -0.000632 -0.006427 -0.002281
-0.137419 -0.067763 -0.040663 -0.019372 0.006673 0.004832 0.065527 0.143106 0.150105 0.184625 0.131400 -0.018358 -0.166320 -0.159252 -0.098674 0.011262 0.106876 0.126860 0.041110 -0.002413 0.115860 0.261572 0.150667 0.092138 0.035884 0.167744 0.029611 -0.003107 0.003790 -0.000671 0.003610 0.069853 0.168874 0.031934 -0.046059 0.050955 0.114073 0.152698 0.175610 0.198426 0.128714 -0.006486 0.020366 0.001939 -0.036378 -0.071099 0.046032 -0.248054 -0.046090 0.133438 0.203128 0.205522 0.037069 -0.261888 -0.106217 0.070374 0.168725 -0.004235 -0.007452 -0.003873 0.001039 0.001314
-0.192690 -0.062856 -0.023811 0.003918 0.001089 -0.004961 0.048470 0.097109 0.094518 0.156503 0.152294 0.022367 -0.145833 -0.235805 -0.121121 -0.025265 0.038573 0.086157 0.094043 0.100900 0.274060 0.307917 0.198251 0.065265 0.153181 0.008168 -0.008997 -0.006911 -0.007686 -0.005408 -0.008843 0.024381 0.100404 0.054523 -0.082104 -0.092340 0.092205 0.181618 0.239343 0.304953 0.184433 -0.003976 -0.051141 -0.012463 -0.015124 -0.079793 -0.015426 -0.129318 -0.082532 0.129261 0.256671 0.295968 0.086031 -0.261202 -0.071875 0.045888 0.048367 -0.011083 -0.010612 -0.009527 -0.006067 0.007799
