public/ISAM/currentv_asc/currentv-2024-07-20T00-00-00.asc
ncols         120
nrows         120
xllcorner     110.0
yllcorner     3.0
cellsize      0.25
NODATA_value  0.0
[rows 27 to 53 of 120, columns 0 to 61 of 120]
-0.006714 0.000814 -0.000581 0.001473 -0.000986 -0.000644 -0.001041 -0.000649 -0.002680 0.002312 0.001317 0.001885 0.001511 0.002768 0.001254 0.002715 0.001506 0.002264 0.000303 0.002289 0.000079 0.001096 -0.000328 0.002792 0.002682 0.005522 0.005608 0.008235 0.006831 0.010141 0.006911 0.010053 0.007095 0.011351 0.008496 0.010291 0.006565 0.007592 0.001846 -0.005716 -0.020103 0.171462 0.209433 0.274001 0.248699 0.204906 0.184644 0.146324 -0.089862 0.008071 0.412066 0.342335 0.333221 0.259573 0.146099 0.132792 0.096015 0.069385 0.103565 0.276528 0.527264 0.756477
-0.004134 0.000275 0.002686 0.001457 0.002093 -0.002549 0.001568 -0.002014 -0.000205 0.000652 0.002917 0.000331 0.003676 0.001218 0.003078 0.001538 0.004099 0.001316 0.002987 0.001476 0.003116 0.001129 0.002994 0.003018 0.007488 0.006270 0.009565 0.007801 0.010113 0.008126 0.010295 0.007058 0.009924 0.008145 0.008054 0.004973 0.004903 -0.000509 -0.002886 -0.018967 0.079116 0.091674 0.176248 0.352506 0.288438 0.268440 0.162820 -0.100917 -0.163901 0.520086 0.455658 0.469921 0.458286 0.381844 0.252983 0.153613 0.047788 0.025801 0.088537 0.290698 0.594814 0.713521
-0.006789 0.000755 -0.000375 0.001641 -0.001133 -0.001519 -0.001714 -0.001201 -0.003443 0.001751 -0.000167 0.000680 0.000196 0.001334 -0.000379 0.001370 0.000380 0.001411 -0.000904 0.001189 -0.000623 0.000692 -0.000422 0.003326 0.004103 0.007134 0.005268 0.009892 0.007108 0.008428 0.006161 0.008578 0.002747 0.004370 -0.000819 -0.000220 -0.005258 -0.008433 -0.011152 0.036400 0.150784 0.135512 0.206699 0.460983 0.334824 0.292284 0.041843 -0.335234 -0.078501 0.412247 0.390284 0.466356 0.577544 0.590382 0.331978 0.187998 0.208907 0.215699 0.198543 0.243393 0.392705 0.517530
-0.004227 0.000740 0.002878 0.001239 0.002248 -0.001750 0.001516 -0.001546 -0.000084 0.000847 0.002420 -0.000122 0.002833 0.000388 0.002100 0.000586 0.003083 0.000471 0.001974 0.000657 0.002318 -0.000272 0.002727 0.002814 0.007082 0.006017 0.009512 0.007438 0.010819 0.006554 0.007869 0.006179 0.002145 -0.002310 -0.001042 -0.005875 -0.002228 0.027470 -0.007214 0.084167 0.331639 0.157245 0.286492 0.365340 0.286709 0.378983 -0.171547 -0.410208 -0.079195 0.219678 0.405844 0.751096 0.782443 0.738094 0.420749 0.095555 0.214747 0.323468 0.269243 0.224742 0.293248 0.327530
-0.005873 0.002557 0.001202 0.002829 -0.000307 0.000537 -0.000487 0.000656 -0.002097 0.002836 0.000557 0.001381 0.000694 0.002106 0.000106 0.001796 0.001009 0.001799 -0.000279 0.001483 -0.000340 0.000730 0.000274 0.005054 0.005681 0.009042 0.007754 0.008904 0.006193 0.007440 0.003081 0.004080 -0.003676 -0.005255 -0.010530 -0.011006 -0.014073 -0.001535 0.097740 0.123747 0.252675 0.211320 0.226890 0.264363 0.312944 -0.042152 -0.033339 -0.163530 -0.218041 -0.010583 0.695482 1.109474 0.805240 0.569347 0.279028 0.215780 0.329469 0.345637 0.259746 0.243186 0.221351 0.190738
-0.002661 0.002428 0.004505 0.003137 0.003158 -0.000708 0.002420 0.000033 0.001109 0.001534 0.003086 0.000272 0.003741 0.000810 0.002928 0.001090 0.004222 0.001249 0.002397 0.000767 0.003143 0.001262 0.004324 0.005046 0.010093 0.008684 0.010012 0.007010 0.008537 0.003475 0.006222 0.001655 -0.000097 -0.005224 -0.009867 -0.014422 0.165152 0.123317 0.074734 0.346441 0.192631 0.180389 0.269095 0.380215 0.019713 -0.004263 -0.009609 0.035842 -0.226719 0.009005 1.200671 1.124684 0.546991 0.361836 0.304361 0.438294 0.382588 0.237721 0.180013 0.162292 0.177843 0.133815
-0.005451 0.002787 0.001283 0.004122 0.000180 0.000354 -0.000545 0.000639 -0.002347 0.002201 -0.000221 0.000503 -0.000211 0.001081 -0.000428 0.000798 0.000260 0.001536 0.000269 0.002557 0.001747 0.003996 0.004053 0.008853 0.008409 0.011537 0.009907 0.008901 0.005267 0.005223 0.003636 0.004597 0.002269 -0.005757 -0.009844 0.120367 0.149342 0.152752 0.457219 0.195025 0.085751 0.005139 0.188006 0.378760 0.023089 -0.023080 -0.014769 0.042716 -0.101139 0.787262 1.109317 0.766195 0.448976 0.309046 0.385238 0.405188 0.218663 0.095139 0.102858 0.140299 0.155711 0.113616
-0.003429 0.001451 0.003404 0.002130 0.002692 -0.001648 0.001559 -0.001692 -0.000863 -0.000557 0.000834 -0.001615 0.001136 -0.001382 0.000588 -0.001095 0.001482 -0.000440 0.002384 0.000906 0.004371 0.003034 0.007017 0.008155 0.012104 0.010475 0.013434 0.007035 0.006456 0.001785 0.006664 0.002791 0.011537 0.040316 -0.026886 0.199786 0.062509 0.675914 0.322831 0.063380 -0.120416 0.094765 0.486790 0.017510 -0.013395 -0.013015 -0.023122 -0.006356 0.693808 1.164757 0.684779 0.561969 0.473114 0.333911 0.360667 0.273640 0.173327 0.067455 0.068957 0.143743 0.160445 0.102490
-0.004989 0.002827 0.000902 0.002826 -0.001279 -0.001141 -0.002358 -0.001314 -0.004097 -0.000766 -0.002256 -0.001748 -0.001666 -0.000257 -0.000961 0.000568 0.000276 0.002742 0.002645 0.004973 0.004486 0.007512 0.007687 0.012440 0.012375 0.011942 0.009727 0.006012 -0.001819 -0.005547 -0.003158 -0.002171 0.006873 0.052474 -0.001360 0.193609 0.451309 0.636172 0.292797 -0.196008 0.168945 0.180158 0.075578 0.002661 -0.005628 -0.001458 0.005807 0.469162 1.270457 0.692070 0.501684 0.588486 0.415612 0.285447 0.277738 0.276088 0.161532 0.067193 0.097512 0.151223 0.151299 -0.039717
-0.002329 0.001840 0.003898 0.001643 0.001317 -0.003515 -0.000482 -0.003640 -0.002009 -0.002460 -0.000358 -0.002238 0.000913 -0.000246 0.002530 0.001846 0.005508 0.003362 0.007004 0.005983 0.009499 0.007477 0.011498 0.009491 0.013557 0.009141 0.011249 0.000558 -0.001960 -0.013530 -0.011041 0.120448 0.141191 0.029992 0.078578 0.474924 0.563069 0.254929 0.360468 0.286523 0.667703 -0.054428 -0.027959 -0.001841 0.005847 0.004350 0.012698 0.953592 0.784470 0.436518 0.647421 0.562485 0.346531 0.265248 0.223130 0.276378 0.193938 0.065000 0.050298 0.181114 0.088955 -0.280968
-0.003503 0.001845 0.000164 0.001924 -0.002279 -0.003595 -0.004219 -0.003439 -0.004541 -0.000542 -0.001520 0.000253 0.001123 0.004037 0.003747 0.006506 0.005409 0.008248 0.007464 0.009740 0.006821 0.008355 0.005441 0.006285 0.002650 0.002219 -0.001570 -0.010239 -0.026424 -0.031986 0.144751 0.236555 0.219651 0.288455 0.568973 0.522652 0.224197 -0.135531 0.116077 0.666540 0.174529 -0.026911 -0.013195 -0.010572 -0.005017 -0.016900 0.090498 1.169378 0.187645 0.546656 0.726347 0.525155 0.214660 0.232522 0.195967 0.299896 0.225280 0.055765 -0.001574 0.226046 0.012536 -0.502202
-0.002431 0.000607 0.002593 0.000228 0.000565 -0.004492 -0.000920 -0.002772 -0.000359 0.000475 0.004068 0.003775 0.007729 0.006640 0.008740 0.007991 0.010357 0.006212 0.009002 0.005122 0.006023 0.001040 0.003753 -0.001398 -0.000220 -0.010362 -0.018809 -0.034368 0.053795 -0.007367 0.290480 0.477031 0.242190 0.337142 0.173609 0.060962 0.318802 0.641246 0.001624 0.879609 0.386839 -0.003356 -0.036933 -0.022011 -0.013895 0.007014 0.966833 0.605082 0.333452 0.840875 0.720838 0.275374 0.058823 0.158005 0.206601 0.307475 0.263181 0.132618 0.067423 0.216951 -0.100608 -0.649681
-0.002351 0.002747 0.000549 0.001710 -0.001553 -0.001584 -0.001426 0.000245 -0.000063 0.005297 0.005875 0.009822 0.009039 0.012073 0.010367 0.012309 0.007020 0.008979 0.003331 0.003846 -0.003144 -0.003173 -0.007794 -0.008109 -0.015643 -0.030017 -0.054573 0.112323 0.378775 0.516345 0.489120 0.407163 0.128418 0.219019 0.184343 0.070606 -0.023830 1.240846 -0.087863 0.574482 0.211689 -0.048039 -0.048917 -0.035299 -0.038621 -0.048240 0.972691 0.422234 0.791505 0.936884 0.524037 -0.064370 -0.114532 0.098707 0.234875 0.313658 0.278060 0.201300 0.179201 0.139957 -0.193155 -0.693851
0.001898 0.003550 0.006223 0.004172 0.005288 0.001078 0.005132 0.004326 0.007447 0.008494 0.013696 0.012618 0.015951 0.010702 0.012123 0.005849 0.006307 -0.001270 0.001099 -0.003064 -0.000507 -0.009228 -0.008545 -0.017574 -0.015566 -0.028560 -0.039664 0.338013 0.339778 0.357710 0.390201 0.186771 0.072075 0.073697 0.226518 0.243174 0.301972 0.732990 0.440407 0.157755 0.098214 -0.081012 -0.046712 -0.030118 -0.049045 -0.002486 0.971850 0.688228 1.028499 0.674739 0.110158 -0.331092 -0.203902 0.130586 0.274203 0.360258 0.298869 0.195704 0.175954 0.080107 -0.194656 -0.597966
0.003325 0.006023 0.005097 0.007749 0.005259 0.005468 0.004985 0.009503 0.006874 0.013163 0.012012 0.015744 0.009450 0.010261 0.002884 0.001156 -0.003656 -0.006199 -0.015684 -0.016404 -0.007429 0.006612 -0.017503 0.030377 0.078903 0.096976 0.155843 0.210203 0.258623 0.302581 0.198387 0.004259 -0.056016 0.148513 0.137246 0.120436 0.535245 0.281998 0.333196 0.091204 -0.133150 -0.099468 -0.062817 -0.064459 -0.062355 0.764044 0.805763 0.959893 0.827550 0.341794 -0.103255 -0.341502 -0.079727 0.158263 0.330666 0.373568 0.330933 0.185344 0.141001 0.051672 -0.124667 -0.425825
0.005105 0.006801 0.010911 0.009396 0.010917 0.006506 0.009847 0.008739 0.010673 0.010141 0.014053 0.009868 0.008366 0.000302 0.000340 0.006641 -0.012286 -0.011628 0.074527 0.083558 0.073850 0.065883 0.098570 0.123403 0.090917 0.098138 0.176361 0.193514 0.187592 0.139874 0.061803 -0.040127 -0.090351 0.113730 0.118871 0.300260 0.265097 0.224629 0.317239 0.104262 -0.292440 -0.032032 -0.054027 -0.073749 -0.386917 0.703291 1.016478 0.609223 0.540977 0.179358 -0.081454 -0.115956 0.122864 0.239233 0.316411 0.347331 0.303591 0.196413 0.147155 0.036475 -0.109056 -0.238677
0.007115 0.011213 0.009906 0.012806 0.009164 0.008691 0.004815 0.007679 0.002221 0.006493 0.004733 0.005777 -0.006487 -0.014864 -0.021628 0.049104 -0.055864 -0.090638 0.077117 0.103080 0.095372 0.086365 0.114424 0.143941 0.142103 0.147588 0.146419 0.102262 0.064235 0.045202 0.027531 0.014473 0.055041 0.108084 0.153743 0.135466 0.017191 -0.020277 0.209802 0.114941 -0.163010 -0.156873 0.015458 0.000229 -0.142675 0.721686 0.780032 0.510699 0.230144 0.081930 0.063047 0.081522 0.110281 0.222107 0.303978 0.297244 0.274831 0.222389 0.146633 0.069091 -0.036907 -0.158080
0.010368 0.012151 0.015290 0.012226 0.010783 0.003055 0.002543 -0.003900 -0.003813 -0.006427 -0.004261 -0.012379 -0.013056 -0.008752 -0.007276 -0.018614 0.128026 0.001843 0.092327 0.117844 0.127367 0.142578 0.149324 0.157258 0.136131 0.084484 0.069513 0.029446 0.013541 0.045169 0.068356 0.061619 0.076838 0.080093 0.067216 -0.042823 -0.148017 -0.099214 0.017219 0.055118 0.043809 0.013703 0.066282 -0.035250 0.444588 0.752620 0.404480 0.429765 0.078928 0.126241 0.151933 0.050563 0.055207 0.186655 0.321180 0.287067 0.225433 0.241171 0.153981 0.099079 0.038760 -0.035556
0.013010 0.013966 0.011322 0.010717 0.003299 -0.000475 -0.007640 -0.009835 -0.010648 -0.015492 -0.015572 -0.011908 -0.080944 -0.085700 0.093566 0.121824 0.063998 0.063435 0.079824 0.156819 0.218211 0.181932 0.132848 0.127039 0.110263 0.098570 0.080997 0.046982 0.044722 0.058220 0.070177 0.051120 0.013904 0.000697 -0.015803 -0.128393 -0.186965 -0.086629 0.036117 0.219317 0.287464 0.227310 0.055489 -0.041307 0.307285 0.210586 0.219652 0.291484 0.224477 0.110631 0.097403 0.054974 0.031253 0.131572 0.291503 0.251550 0.160486 0.201121 0.157848 0.129461 0.095701 0.056711
0.008501 0.011339 0.011895 0.006534 0.002266 -0.012339 -0.016764 -0.073032 -0.019890 0.000836 -0.001007 -0.038789 0.075482 0.081922 0.069540 0.081962 0.103798 0.135685 0.164578 0.184286 0.240283 0.146974 0.102489 0.105974 0.109602 0.103507 0.092867 0.065662 0.054928 0.019552 0.011119 -0.004820 -0.030247 -0.050302 -0.058964 -0.134194 -0.197405 -0.086309 0.152707 0.444427 0.486799 0.301250 0.048646 -0.028829 -0.085798 -0.146021 0.046871 0.506534 0.567052 0.127940 0.126586 0.116998 0.070118 0.074196 0.137622 0.161516 0.079572 0.122840 0.154951 0.185018 0.175450 0.129038
0.006088 0.009839 0.007513 -0.007160 -0.016630 -0.027141 -0.048814 -0.020158 0.001119 0.005897 0.020291 0.042320 0.031012 0.052764 0.085960 0.169703 0.227638 0.219133 0.187043 0.187861 0.180845 0.102415 0.112548 0.094164 0.049020 0.069511 0.090506 0.057464 0.004484 -0.069559 -0.073617 -0.038362 -0.038464 -0.056955 -0.070809 -0.128029 -0.184294 -0.088759 0.230420 0.542055 0.502034 0.123326 0.095658 -0.123339 -0.370488 -0.331552 -0.102163 0.218016 0.862459 0.410833 0.315987 0.249181 0.184334 0.023954 -0.073480 -0.006297 -0.035042 0.035410 0.135661 0.244045 0.273639 0.173300
-0.000346 0.001478 0.009095 -0.018510 -0.024960 -0.075903 -0.044578 0.026995 0.063045 0.055509 0.061808 0.078744 0.088019 0.082566 0.145679 0.231650 0.253994 0.217641 0.154358 0.164350 0.104957 0.090267 0.113654 0.098885 0.054233 0.006192 0.057400 0.052930 -0.046583 -0.138113 -0.118764 -0.078956 -0.042990 -0.000574 -0.024826 -0.090374 -0.155354 -0.129176 0.084545 0.386734 0.402802 0.177770 0.151094 0.012326 -0.116676 -0.152463 -0.182038 0.145748 0.551655 0.825899 0.549272 0.432811 0.291266 0.057900 -0.187656 -0.231814 -0.178092 -0.027369 0.093381 0.258798 0.329663 0.178712
-0.000815 0.003152 0.029874 -0.015603 -0.116251 -0.101292 0.050635 0.163357 0.140631 0.095569 0.107618 0.136319 0.139703 0.130792 0.180326 0.224005 0.235877 0.206239 0.133867 0.101591 0.042117 0.076562 0.093581 0.099254 0.109390 0.048214 -0.029839 -0.008531 -0.097172 -0.162405 -0.163588 -0.130749 -0.047683 0.032340 0.042468 -0.019975 -0.105410 -0.141097 -0.075334 0.030961 0.185635 0.221889 0.266599 0.278900 0.429753 0.423394 -0.098730 -0.220374 0.201098 1.010285 0.710101 0.460245 0.346124 0.159212 -0.141561 -0.391459 -0.337002 -0.135786 0.084230 0.210510 0.339678 0.164565
-0.007635 -0.003427 0.012833 0.043118 -0.236786 -0.065190 0.295941 0.231220 0.165279 0.141651 0.150484 0.164899 0.156911 0.148225 0.155257 0.182190 0.189557 0.163333 0.090007 0.033029 0.029458 0.077989 0.076844 0.079490 0.103582 0.080888 0.013902 -0.078447 -0.140139 -0.172500 -0.185189 -0.149058 -0.038515 0.049428 0.073350 0.048857 -0.003899 -0.060631 -0.098675 -0.121690 -0.118665 0.101938 0.220319 0.270926 0.358588 0.718570 0.158438 -0.273474 0.255865 1.047778 0.693178 0.503413 0.435815 0.262112 -0.017383 -0.360438 -0.499057 -0.248607 0.036845 0.159922 0.296855 0.123540
0.018495 -0.012175 0.040832 0.026006 -0.306790 0.082300 0.365893 0.199518 0.183757 0.157667 0.165560 0.159001 0.133936 0.119646 0.122375 0.143520 0.146093 0.089551 0.026749 0.002076 0.049783 0.087426 0.075050 0.048306 0.073435 0.077560 0.034636 -0.056896 -0.130195 -0.176635 -0.190459 -0.123480 -0.007535 0.073939 0.085755 0.078605 0.042610 -0.012009 -0.067295 -0.122149 -0.127251 -0.032343 0.095657 0.216896 0.211379 0.203001 0.465700 0.385555 0.616389 1.101539 0.812360 0.574779 0.533119 0.330320 0.076180 -0.260295 -0.546269 -0.396112 -0.079787 0.051804 0.195432 0.054755
0.010427 -0.003903 0.013409 -0.007540 -0.135638 0.300936 0.256978 0.153987 0.169833 0.138449 0.147511 0.132568 0.102304 0.101082 0.107379 0.109518 0.082796 0.027471 -0.022154 -0.006927 0.050190 0.071338 0.046674 0.019865 0.033837 0.038291 0.021446 -0.029975 -0.089529 -0.148533 -0.153594 -0.062463 0.063759 0.113798 0.120261 0.127046 0.112063 0.037099 -0.050225 -0.095696 -0.103020 -0.071799 -0.010997 0.065629 0.216171 0.236980 0.079364 0.194775 0.883554 1.359529 0.813026 0.672166 0.615562 0.400602 0.137355 -0.191440 -0.489035 -0.493631 -0.226281 -0.039511 0.094278 0.004285
-0.005722 -0.003289 0.006884 -0.003150 -0.125470 0.291457 0.138719 0.132244 0.143531 0.137180 0.133959 0.111516 0.091592 0.077896 0.061416 0.049664 0.017943 -0.022838 -0.039733 -0.005903 0.036684 0.028832 0.002144 -0.011183 -0.003909 -0.000671 -0.001341 -0.028900 -0.065042 -0.094890 -0.082508 0.016807 0.115300 0.132867 0.142522 0.176254 0.170485 0.092071 -0.060096 -0.155397 -0.141583 -0.099696 -0.083534 -0.059169 0.106577 0.373900 0.095507 0.293831 0.774462 1.390578 0.882635 0.729868 0.647419 0.428677 0.161677 -0.149587 -0.425258 -0.504723 -0.314411 -0.053392 0.044758 -0.013357
