public/ISAM/currentu_asc/currentu-2024-07-20T00-00-00.asc
ncols         120
nrows         120
xllcorner     110.0
yllcorner     3.0
cellsize      0.25
NODATA_value  0.0
[rows 54 to 80 of 120, columns 0 to 60 of 120]
0.005712 0.007561 0.007653 0.016103 0.220758 0.106262 0.037702 0.024947 0.018280 -0.022236 -0.035995 -0.036194 -0.069636 -0.106028 -0.152741 -0.185346 -0.190252 -0.174461 -0.121742 -0.053325 -0.007726 -0.000156 -0.009732 -0.020636 -0.035646 -0.045417 -0.046418 -0.043970 -0.031511 -0.027557 -0.022748 -0.040609 -0.066116 -0.052321 0.004084 0.093426 0.171468 0.165930 0.107972 0.087926 0.086236 0.052494 0.017100 -0.015292 -0.051922 -0.078207 -0.119470 -0.188918 -0.232648 -0.365037 -0.329412 -0.332183 -0.392324 -0.421824 -0.388879 -0.364893 -0.315049 -0.273333 -0.245617 -0.218303 -0.244232
0.009384 0.008688 0.011073 0.141643 0.101814 0.034648 0.019624 0.007238 -0.019003 -0.061946 -0.054410 -0.070286 -0.111575 -0.151725 -0.183706 -0.186173 -0.158168 -0.107147 -0.039020 0.018001 0.048089 0.055144 0.058073 0.068210 0.077242 0.069968 0.045646 -0.000481 -0.019583 -0.026811 -0.049393 -0.087072 -0.114287 -0.117900 -0.082333 -0.012494 0.025498 0.007227 -0.030104 -0.035865 -0.051115 -0.066692 -0.084295 -0.081798 -0.051862 -0.117088 -0.157143 -0.079677 -0.167560 -0.309813 -0.299899 -0.296199 -0.359570 -0.433334 -0.427376 -0.426567 -0.407212 -0.345191 -0.273929 -0.273753 -0.301250
0.003116 0.018515 0.050679 0.082575 -0.028695 -0.039471 -0.031382 -0.046801 -0.071119 -0.082337 -0.084520 -0.115696 -0.152170 -0.180565 -0.178502 -0.128843 -0.047944 0.047261 0.143284 0.236515 0.310172 0.338795 0.339802 0.341647 0.342778 0.325272 0.276607 0.185628 0.075789 0.020895 -0.007145 -0.046298 -0.085140 -0.117675 -0.139624 -0.128623 -0.101747 -0.069899 -0.067215 -0.072222 -0.100921 -0.105900 -0.052686 0.045133 0.122241 0.175556 0.189818 0.074309 -0.033306 -0.210726 -0.258633 -0.255347 -0.267256 -0.337195 -0.384303 -0.389529 -0.364902 -0.312885 -0.284158 -0.317123 -0.350451
0.018290 0.045140 0.027560 -0.072802 -0.120672 -0.093448 -0.060545 -0.057402 -0.069791 -0.097051 -0.122587 -0.155821 -0.177215 -0.180418 -0.157759 -0.096367 -0.012930 0.077539 0.170185 0.261115 0.346328 0.408459 0.447181 0.472925 0.489694 0.489706 0.468351 0.388882 0.238249 0.114209 0.054950 0.030067 0.002228 -0.040373 -0.107275 -0.162576 -0.169300 -0.118735 -0.015145 0.059156 0.131440 0.203582 0.266805 0.351773 0.334313 0.322390 0.285090 0.140963 0.052611 -0.136316 -0.218463 -0.216616 -0.203489 -0.231185 -0.292078 -0.286914 -0.274393 -0.274005 -0.286109 -0.309491 -0.332679
0.027056 -0.045347 -0.174242 -0.228919 -0.133344 -0.068253 -0.042702 -0.031178 -0.045981 -0.098774 -0.153874 -0.193309 -0.218176 -0.227031 -0.201628 -0.141184 -0.061020 0.035440 0.137344 0.233181 0.304623 0.331353 0.341789 0.351731 0.369410 0.376751 0.361056 0.364938 0.359906 0.240860 0.138437 0.103311 0.093508 0.066668 -0.000896 -0.088324 -0.144348 -0.165913 -0.138164 -0.057312 -0.010196 0.051378 0.110169 -0.069530 -0.085847 -0.064805 -0.031527 0.102418 0.098830 0.039967 -0.157333 -0.172885 -0.177141 -0.180585 -0.210108 -0.238639 -0.255908 -0.277324 -0.298900 -0.314930 -0.345308
-0.008705 0.063030 0.012816 0.056337 0.101206 0.112941 0.059107 0.013949 -0.014705 -0.058637 -0.107743 -0.159103 -0.198052 -0.228839 -0.221877 -0.168333 -0.083701 0.009588 0.100190 0.170057 0.213459 0.237007 0.257984 0.272698 0.268064 0.252029 0.254592 0.279397 0.316339 0.320648 0.246864 0.175855 0.160538 0.158953 0.125937 0.071995 0.010371 -0.023750 -0.053354 -0.049316 -0.018143 -0.021809 -0.023274 -0.016620 -0.016332 -0.035396 -0.034098 -0.022586 -0.001582 -0.007423 -0.110828 -0.173981 -0.178526 -0.168475 -0.176277 -0.224931 -0.275308 -0.311044 -0.330763 -0.342117 -0.288246
0.089252 0.115310 0.258571 0.281696 0.256669 0.282068 0.315912 0.154538 0.048967 0.021967 0.009873 -0.011753 -0.033461 -0.070608 -0.096231 -0.085311 -0.029739 0.029772 0.073854 0.108526 0.132104 0.157269 0.175637 0.168990 0.144522 0.122230 0.127362 0.171194 0.243240 0.317195 0.330862 0.289128 0.262485 0.261449 0.256188 0.223522 0.176025 0.184013 0.219965 0.178041 0.081656 -0.002087 0.000878 0.002449 0.004633 -0.001770 -0.007854 -0.005567 0.024777 -0.001480 -0.174391 -0.184611 -0.164918 -0.156854 -0.156767 -0.197818 -0.271293 -0.309032 -0.294956 -0.207544 -0.054418
0.008643 0.032440 0.083154 0.126614 0.168172 0.239017 0.334150 0.373752 0.272654 0.105652 0.050645 0.065248 0.078810 0.091886 0.121253 0.135688 0.133339 0.132147 0.103479 0.103686 0.106702 0.109380 0.100208 0.083128 0.048237 0.016885 0.005343 0.026706 0.089959 0.191071 0.293319 0.337402 0.326087 0.310008 0.296914 0.272537 0.287107 0.294433 0.237805 0.171983 0.077812 0.001493 -0.019433 -0.006045 -0.001019 -0.004198 -0.006922 -0.004744 0.013931 0.089370 -0.224007 -0.182506 -0.136690 -0.133246 -0.145904 -0.183680 -0.237219 -0.253175 -0.193368 -0.084626 -0.038748
-0.058985 -0.000087 0.104431 0.214947 0.300779 0.344758 0.399046 0.456247 0.490892 0.465323 0.436703 0.407472 0.439847 0.487161 0.492375 0.438208 0.353808 0.263754 0.170678 0.138197 0.135915 0.115271 0.087469 0.061195 0.016286 -0.037604 -0.063024 -0.055458 -0.018452 0.049005 0.134118 0.201421 0.219923 0.209808 0.210394 0.270090 0.286793 0.199363 0.111392 0.063213 0.011384 -0.023448 -0.014426 0.003012 0.007872 0.007658 -0.002534 0.008966 0.019960 0.076730 -0.220317 -0.181181 -0.071848 -0.061125 -0.091147 -0.134275 -0.165347 -0.154046 -0.148607 -0.161866 -0.152402
0.090928 0.241828 0.309852 0.297882 0.312547 0.314767 0.339926 0.426936 0.524250 0.573074 0.649284 0.689338 0.657712 0.586102 0.523594 0.474780 0.404933 0.298943 0.203956 0.168787 0.157546 0.127444 0.101899 0.096102 0.082641 0.041111 0.004174 -0.009246 -0.003066 0.013642 0.033638 0.050514 0.054266 0.077182 0.116856 0.120571 0.077722 0.044310 0.016922 0.003153 0.004283 -0.008715 0.002624 0.011433 0.016080 0.015237 0.010012 0.010091 0.016842 0.047665 -0.112443 -0.088338 -0.024465 0.033607 0.026840 -0.029860 -0.061276 -0.089461 -0.142937 -0.156663 -0.151744
0.220613 0.268277 0.290617 0.279133 0.270445 0.249477 0.249158 0.178892 0.177769 0.272692 0.344766 0.359192 0.349352 0.336808 0.355421 0.358557 0.321662 0.238825 0.187604 0.164670 0.119306 0.098109 0.113589 0.133297 0.140228 0.135401 0.102411 0.066714 0.042684 0.023374 0.005955 -0.019810 -0.015048 -0.001748 -0.015283 -0.030117 -0.042602 -0.064272 -0.056365 -0.013764 0.028967 0.005751 0.005089 0.006878 0.007104 0.010288 0.004362 0.011544 0.023000 0.038054 0.314402 -0.014325 -0.008905 0.090159 0.179852 0.160902 0.087230 0.038787 0.007917 -0.004874 -0.036060
0.212638 0.264637 0.246422 0.191338 0.155640 0.145524 0.163629 0.206146 0.212313 0.126932 -0.000632 0.043110 0.160103 0.237968 0.256871 0.209665 0.160892 0.155845 0.190264 0.172703 0.115359 0.087371 0.110542 0.137343 0.144122 0.143480 0.140865 0.110342 0.059936 0.037954 0.005359 -0.026409 -0.043351 -0.052856 -0.052494 -0.056567 -0.039544 -0.013214 -0.015105 -0.025397 -0.001250 0.014910 0.000806 -0.003691 -0.007599 -0.003413 -0.003867 -0.001131 0.016148 0.036847 0.049282 -0.081743 -0.073104 0.030623 0.169783 0.295646 0.345267 0.325703 0.322909 0.294429 0.221088
0.153474 0.132218 0.093962 0.042716 0.019220 0.028867 0.038159 0.056095 0.102853 0.168011 0.204209 0.176626 0.132276 0.072142 -0.005526 -0.021719 0.062971 0.201745 0.227558 0.149917 0.092963 0.076388 0.089076 0.102442 0.115271 0.121297 0.121791 0.118283 0.104613 0.085232 0.041042 -0.006310 -0.038222 -0.036945 -0.012120 -0.004060 -0.016543 -0.002068 0.031483 0.026182 -0.027079 -0.018703 -0.007122 -0.009836 -0.011299 -0.004848 -0.008033 0.000356 0.021997 -0.031874 -0.085140 -0.092887 -0.129891 -0.049182 0.056016 0.190059 0.328846 0.457999 0.525681 0.511199 0.422901
0.047748 0.020791 -0.019462 -0.059058 -0.039620 0.035351 0.080206 0.073321 0.021714 0.010927 0.063927 0.083698 0.052711 0.022284 0.009144 0.093598 0.237271 0.254271 0.128535 0.046775 0.039579 0.056402 0.058819 0.063068 0.087341 0.107655 0.118079 0.121078 0.125697 0.107904 0.073967 0.043417 0.003501 -0.010241 -0.000763 -0.004512 -0.017187 -0.032316 -0.017852 -0.009276 -0.018169 -0.055904 -0.008687 -0.012045 -0.009602 -0.002095 -0.000495 0.001753 0.018245 -0.127199 -0.141372 -0.121740 -0.161070 -0.171303 -0.106468 -0.002690 0.106410 0.227239 0.321349 0.346256 0.305761
0.011482 -0.023777 -0.032582 -0.004599 0.039947 0.015023 -0.044277 -0.005226 0.034923 0.074654 0.115026 0.164527 0.232138 0.292033 0.346700 0.348581 0.224870 0.092542 0.023184 0.007013 0.049060 0.042433 0.042717 0.062800 0.091427 0.109527 0.125317 0.131710 0.126492 0.118120 0.105475 0.097354 0.071955 0.027840 -0.015338 -0.047945 -0.053606 -0.044876 -0.029843 -0.031709 -0.010421 -0.005763 -0.009421 -0.011806 -0.010477 -0.002309 0.000277 0.014911 -0.145341 -0.162780 -0.146079 -0.122804 -0.169376 -0.271185 -0.230235 -0.172224 -0.105667 -0.047093 0.035977 0.111337 0.126414
0.019915 -0.007028 -0.017059 -0.023359 -0.034502 -0.006188 0.065317 0.080056 0.068935 0.062386 0.075875 0.114552 0.162194 0.217292 0.240752 0.202765 0.140960 0.076027 0.044206 0.050607 0.045992 0.021292 0.031922 0.073551 0.120572 0.143021 0.148110 0.143352 0.131576 0.125906 0.127605 0.121510 0.107257 0.056996 -0.009147 -0.053436 -0.053410 -0.019879 0.008616 -0.018955 -0.014666 -0.007889 -0.006660 -0.008867 -0.006985 0.002038 0.005401 -0.084308 -0.088017 -0.050065 -0.076189 -0.080658 -0.136982 -0.307901 -0.314884 -0.250841 -0.212777 -0.183630 -0.162866 -0.096317 -0.040323
0.036791 -0.023228 -0.085386 -0.093328 -0.016879 0.052703 0.059380 0.017642 -0.036077 -0.065501 -0.057247 -0.019614 0.043940 0.093520 0.108035 0.106030 0.099293 0.061362 0.014254 -0.005106 -0.019884 -0.026299 0.002953 0.055397 0.102099 0.133985 0.153937 0.147444 0.127644 0.112329 0.115056 0.127295 0.106927 0.060311 0.012087 -0.024564 -0.043394 -0.060625 -0.049174 -0.003356 -0.019291 -0.013976 -0.009151 -0.012651 -0.008073 -0.004803 0.006328 -0.075042 -0.019278 0.012644 0.018355 -0.004733 -0.059930 -0.247653 -0.400312 -0.334215 -0.267841 -0.237042 -0.235850 -0.228377 -0.171062
0.043839 0.034411 0.031121 0.040379 0.065758 0.045170 -0.037502 -0.111810 -0.124811 -0.084998 -0.050996 -0.016016 0.019816 0.021925 0.013309 0.002551 -0.029858 -0.068441 -0.079334 -0.086649 -0.095100 -0.084812 -0.056908 -0.018907 0.017217 0.048405 0.088753 0.099359 0.083715 0.071032 0.064393 0.057248 0.044986 0.024035 0.016443 0.011759 0.005057 -0.013233 -0.045461 -0.044915 -0.010071 -0.012919 -0.009006 -0.010089 -0.009939 -0.007095 -0.080885 -0.089997 -0.059317 0.048613 0.093025 0.034401 -0.012405 -0.028678 -0.312061 -0.439940 -0.343820 -0.335961 -0.285210 -0.252135 -0.202031
0.055173 0.077973 0.086817 0.065809 0.025761 -0.082443 -0.207649 -0.258384 -0.244609 -0.193903 -0.101858 0.014156 0.064337 0.037517 -0.000262 -0.025339 -0.051642 -0.056228 -0.060082 -0.086523 -0.110986 -0.107254 -0.087074 -0.063411 -0.042647 -0.015510 0.032217 0.066130 0.069700 0.068532 0.053331 0.013727 -0.007169 0.008769 0.023356 0.045588 0.052881 0.050641 0.035413 0.002200 -0.015549 -0.005240 -0.001781 -0.003066 -0.007475 -0.010694 -0.008155 -0.075258 -0.018720 0.037301 0.017449 0.001593 0.001983 0.038148 -0.045895 -0.428700 -0.455047 -0.360609 -0.332504 -0.307003 -0.303486
0.077799 0.096270 0.096287 0.055204 -0.052577 -0.228994 -0.344431 -0.325550 -0.222924 -0.105322 -0.009012 0.060011 0.120738 0.086259 0.018753 -0.016902 -0.027278 -0.043903 -0.076218 -0.096505 -0.100956 -0.093808 -0.073465 -0.050970 -0.037298 -0.018829 0.013308 0.046642 0.058949 0.060155 0.039124 0.017330 0.003647 0.023482 0.072237 0.081888 0.039937 0.023610 0.053163 0.079965 0.049116 0.004330 0.003303 -0.011065 -0.009317 -0.014172 -0.009201 -0.032929 -0.017227 -0.029165 -0.040946 -0.003067 -0.005407 -0.028227 0.009701 -0.180581 -0.542748 -0.435717 -0.339783 -0.330793 -0.327955
0.088089 0.101698 0.089737 0.045126 -0.067612 -0.183377 -0.140500 -0.005167 0.120543 0.243968 0.348469 0.384013 0.284379 0.165375 0.062940 -0.004051 -0.041188 -0.072867 -0.091791 -0.082924 -0.071388 -0.057440 -0.041841 -0.022868 -0.006553 0.004452 0.018964 0.040334 0.051023 0.045870 0.026928 0.021259 0.055117 0.103405 0.107944 0.075599 0.012255 -0.025618 -0.027422 -0.004358 0.030999 0.032827 0.007999 -0.098888 -0.014140 -0.003657 0.000951 -0.046315 0.000058 0.041336 -0.011834 -0.042323 0.000977 0.000251 -0.022518 -0.010031 -0.245240 -0.449341 -0.329071 -0.303890 -0.297514
0.094257 0.102762 0.093385 0.061280 0.042713 0.081766 0.232968 0.398335 0.530674 0.623732 0.626497 0.540383 0.425394 0.285732 0.151085 0.040558 -0.045396 -0.102530 -0.095165 -0.047391 -0.001742 0.014446 0.008102 0.004450 0.011025 0.024356 0.042200 0.050298 0.061317 0.070186 0.074818 0.087669 0.100618 0.114652 0.093335 0.050461 0.002783 -0.034923 -0.061727 -0.062494 -0.053898 -0.063567 -0.067704 -0.000351 0.003956 0.006603 0.013013 -0.037092 -0.016065 -0.005607 0.013044 0.027242 0.005475 0.002950 0.040050 0.058496 0.079116 -0.026344 -0.296115 -0.204881 -0.228524
0.059855 0.059143 0.052213 0.067569 0.163682 0.333927 0.545452 0.701452 0.793383 0.772350 0.666326 0.531150 0.427160 0.327150 0.216878 0.108145 0.004395 -0.051961 -0.057178 -0.010895 0.064039 0.109978 0.095005 0.054300 0.038988 0.031939 0.037482 0.049834 0.064328 0.077248 0.083712 0.082771 0.067851 0.059140 0.038645 0.016006 0.008925 0.004519 -0.015288 -0.024698 -0.039024 -0.017192 -0.003615 0.015745 0.017035 0.015457 0.017874 0.014719 -0.022543 0.017670 0.030908 0.039931 0.036605 0.048278 0.071079 0.090446 0.011725 -0.003483 -0.183054 -0.159207 -0.115429
-0.004836 -0.025324 -0.030425 0.017827 0.195669 0.495108 0.747997 0.823447 0.782591 0.670712 0.539849 0.419791 0.332521 0.276332 0.231579 0.189657 0.132856 0.082627 0.057825 0.078137 0.118999 0.164619 0.160095 0.115945 0.075334 0.053310 0.043980 0.044183 0.049240 0.067302 0.086087 0.081021 0.054896 0.032156 0.008886 0.012038 0.029968 0.070239 0.085134 0.050733 0.020268 0.055498 0.009043 -0.027325 0.023052 0.020072 -0.033416 -0.041830 0.003879 0.045964 0.048908 0.059876 0.038995 0.025169 0.023541 0.015170 -0.133581 0.005599 0.043808 -0.118579 -0.108930
-0.073936 -0.106074 -0.098822 0.030394 0.350710 0.636638 0.703954 0.654699 0.575957 0.476603 0.387963 0.319003 0.259291 0.225099 0.225365 0.251491 0.257900 0.237042 0.214590 0.210967 0.204990 0.193603 0.183440 0.154991 0.114963 0.079886 0.073445 0.069831 0.059743 0.045759 0.046686 0.048973 0.035164 0.018179 0.010610 0.032787 0.080014 0.097550 0.054528 0.015781 -0.006829 -0.030895 0.027850 0.103510 -0.103472 -0.082398 -0.078069 0.029232 0.041073 0.047820 0.039092 0.014046 0.026256 0.023387 0.022098 0.091953 -0.140488 -0.084564 -0.175300 -0.229820 -0.144988
-0.112361 -0.160242 -0.084179 0.173874 0.426283 0.502464 0.490828 0.444793 0.389561 0.312276 0.261506 0.230998 0.210231 0.199784 0.216245 0.255532 0.295035 0.321603 0.315714 0.297869 0.272976 0.221203 0.171241 0.145537 0.120821 0.092976 0.071591 0.062426 0.059672 0.048095 0.031563 0.016139 0.007469 -0.001527 -0.001471 0.010091 -0.005782 -0.070941 -0.104335 -0.066466 0.014431 0.057285 0.015033 0.072381 0.047147 0.018231 0.081377 -0.030005 0.014132 -0.033858 -0.048088 -0.049841 -0.060242 -0.033134 0.005270 0.008159 -0.002377 -0.063643 -0.286843 -0.343827 -0.273999
-0.193003 -0.164384 0.008771 0.228990 0.336255 0.359729 0.342470 0.307841 0.250573 0.182381 0.154258 0.151206 0.168013 0.184845 0.205036 0.241226 0.286983 0.322813 0.335057 0.324848 0.287976 0.218106 0.147914 0.116256 0.097260 0.084801 0.063026 0.041913 0.029434 0.018459 0.001152 -0.019453 -0.031486 -0.037178 -0.044691 -0.052802 -0.058509 -0.056226 0.000367 0.088578 0.057111 0.023265 0.061625 0.039790 0.039477 0.019384 0.026683 -0.100492 -0.157476 -0.113449 -0.057892 -0.066187 -0.120348 -0.073842 -0.105271 -0.011785 0.003282 -0.002319 0.141372 0.095634 -0.164307
