public/ISAM/currentu_asc/currentu-2024-07-20T00-00-00.asc
ncols         120
nrows         120
xllcorner     110.0
yllcorner     3.0
cellsize      0.25
NODATA_value  0.0
[rows 0 to 26 of 120, columns 0 to 60 of 120]
-0.002910 -0.000557 0.000418 0.003139 0.005128 0.004932 0.006347 0.004448 0.005409 0.004413 0.005034 0.003272 0.005939 0.003810 0.005396 0.004240 0.006721 0.004767 0.006100 0.003921 0.005595 0.003907 0.005631 0.003807 0.005320 0.004524 0.006710 0.006426 0.008062 0.007797 0.008451 0.006188 0.004685 0.003532 0.003220 0.003474 0.002758 0.002567 0.003707 0.003073 0.002823 0.007226 0.009805 0.009077 -0.004936 0.032530 0.138553 0.132814 0.201222 0.106727 0.090187 0.083220 0.055815 -0.036491 0.017813 -0.051392 -0.071906 -0.077561 -0.025637 0.010512 0.089021
0.002494 0.000690 0.000261 0.001202 0.001307 0.001531 0.002116 0.002642 0.001856 0.002381 0.001949 0.002981 0.002924 0.003445 0.003508 0.004109 0.003412 0.004137 0.003743 0.004134 0.003398 0.003742 0.003576 0.004103 0.003024 0.003173 0.004294 0.005792 0.006037 0.005991 0.005388 0.004831 0.002258 0.001664 0.000191 0.000598 -0.001138 -0.001228 0.000547 0.000360 0.001452 0.007414 0.005337 0.002958 0.017030 0.063287 0.091139 0.135190 0.055759 0.063645 0.058152 0.057988 0.102679 0.016838 0.076197 0.051399 0.060526 0.144114 0.111492 0.085307 0.106626
0.004777 0.000862 -0.002070 0.000703 0.000713 0.000849 0.003319 0.003289 0.002178 0.001576 0.002859 0.003949 0.004057 0.002979 0.004568 0.005491 0.005091 0.003414 0.004535 0.004296 0.003567 0.001988 0.002857 0.002768 0.002660 0.001538 0.003170 0.004065 0.004519 0.003050 0.003199 0.002355 0.000988 -0.000913 -0.001563 -0.001085 0.000132 -0.000290 0.000819 0.001796 0.003316 0.003164 0.002902 0.002135 0.004562 0.010553 0.135497 0.143730 0.074013 0.070660 0.222641 0.201382 0.169626 0.242031 0.211901 0.194986 0.197558 0.297657 0.301452 0.252420 0.181543
-0.000750 -0.000554 -0.000565 0.002167 0.003069 0.002078 0.004257 0.004828 0.003721 0.003516 0.003471 0.005609 0.005531 0.004888 0.004785 0.006961 0.005961 0.004742 0.003895 0.005397 0.003522 0.002172 0.001722 0.003505 0.002547 0.001619 0.001801 0.003683 0.002759 0.001911 0.000473 0.001584 -0.000097 -0.001227 -0.002216 0.000095 0.001173 0.001461 0.002014 0.002583 0.000556 0.000524 -0.003529 -0.003207 0.001888 0.008430 0.032628 0.181771 0.246556 0.166849 0.128283 0.196153 0.178465 0.231105 0.225761 0.193021 0.223356 0.245046 0.263017 0.278628 0.246817
0.001397 0.001592 0.000862 0.000384 0.003775 0.003688 0.007025 0.004554 0.005458 0.004850 0.006292 0.005222 0.007752 0.006858 0.008142 0.007632 0.008904 0.007345 0.007331 0.005092 0.005376 0.004237 0.004546 0.003326 0.004263 0.003595 0.003950 0.002635 0.002691 0.002313 0.001660 -0.000461 -0.000358 -0.001080 -0.000461 -0.000052 0.000803 0.000287 0.002359 -0.001546 -0.003021 -0.001919 -0.001428 0.001946 0.006905 0.014365 0.021368 0.006786 0.136678 0.259924 0.115619 0.207877 0.238466 0.237387 0.247822 0.195752 0.229349 0.292376 0.260589 0.225810 0.267643
-0.004164 0.000998 0.000610 0.001106 0.002705 0.003332 0.003239 0.003743 0.003379 0.005569 0.004759 0.005829 0.006670 0.008062 0.007393 0.008036 0.007570 0.007684 0.005484 0.005424 0.003758 0.004132 0.002831 0.004034 0.003181 0.003871 0.002869 0.003667 0.002240 0.002888 0.001266 0.001455 -0.000290 0.001019 0.000760 0.003091 0.002157 0.005457 0.005448 0.004500 0.000386 0.005743 0.004735 0.007975 0.019859 0.031399 0.040417 0.010855 0.009959 0.310044 0.143401 0.219729 0.301128 0.371606 0.382448 0.361540 0.316580 0.287658 0.267661 0.216850 0.159576
-0.000012 0.002628 0.003369 0.002241 0.003636 0.001818 0.004046 0.002941 0.003088 0.002914 0.004367 0.004029 0.005332 0.004619 0.006597 0.005744 0.005960 0.004090 0.004698 0.002793 0.002692 0.000790 0.002104 0.001973 0.002782 0.000853 0.002556 0.001869 0.002245 0.000523 0.002060 0.000993 0.001547 0.000138 0.002477 0.003294 0.005693 0.005425 0.008059 0.006913 0.006380 0.006174 0.009526 0.010816 0.017897 0.013461 0.034786 0.008109 0.039264 0.210802 0.182856 0.363241 0.387138 0.437362 0.514649 0.474241 0.332420 0.208842 0.174006 0.200456 0.252206
0.000420 0.003096 0.003294 0.002343 0.003530 0.001613 0.002769 0.003159 0.002546 0.002623 0.002909 0.004448 0.004584 0.004251 0.004877 0.006359 0.005458 0.004200 0.003359 0.003578 0.002291 0.001352 0.001054 0.002093 0.001748 0.001107 0.000865 0.001819 0.001776 0.001361 0.001296 0.002116 0.001909 0.001894 0.002288 0.005101 0.005764 0.006827 0.006226 0.006054 0.005131 0.004099 0.004829 0.004995 0.005067 0.001013 -0.000762 0.026886 0.069714 0.099710 0.233413 0.229146 0.270134 0.345991 0.366911 0.389573 0.322496 0.235988 0.176751 0.134654 0.155747
-0.000019 0.002939 0.003278 -0.001133 0.001314 0.000442 0.003642 0.000992 0.002212 0.002220 0.003824 0.001977 0.004552 0.004116 0.005666 0.003744 0.005258 0.003640 0.004185 0.001268 0.002449 0.001645 0.002478 0.000231 0.001778 0.001477 0.002201 0.000391 0.002074 0.002291 0.003015 0.000785 0.002190 0.002641 0.003919 0.004225 0.005564 0.004305 0.005999 0.003782 0.004439 0.001518 -0.003052 -0.002711 -0.007261 -0.008293 -0.002759 0.016564 0.064433 0.105778 0.199893 0.204648 0.198429 0.230450 0.266178 0.267960 0.293091 0.309318 0.309456 0.229301 0.199790
-0.002277 0.001764 0.000340 -0.000818 0.001201 0.001781 0.001750 0.001558 0.001605 0.004157 0.002888 0.002994 0.003492 0.005177 0.004309 0.004541 0.003895 0.004594 0.003060 0.003072 0.001721 0.002906 0.001571 0.002147 0.001366 0.002664 0.001519 0.002393 0.001885 0.003492 0.002585 0.002837 0.002271 0.003952 0.003748 0.005327 0.004704 0.006097 0.004953 0.005227 0.002018 0.003799 -0.001835 0.002558 -0.003965 0.009148 0.019022 0.028565 0.072701 0.142504 0.076723 0.178854 0.218058 0.344637 0.417992 0.474485 0.378132 0.294924 0.351343 0.355636 0.233528
-0.001468 0.000921 0.000705 -0.000633 0.001183 0.000496 0.002071 0.001474 0.001567 0.002049 0.002424 0.001792 0.002724 0.002255 0.003150 0.002682 0.003084 0.001761 0.002246 0.001106 0.001724 0.000483 0.001297 0.000617 0.001716 0.000421 0.001328 0.001378 0.002520 0.001373 0.002545 0.001860 0.002913 0.002100 0.003735 0.004588 0.006882 0.004175 0.005513 0.003906 0.004189 0.003522 0.006903 0.014940 0.026361 0.049685 0.039828 0.037003 0.041582 0.046395 0.004651 0.076804 0.239246 0.307550 0.368380 0.284307 0.299605 0.271958 0.186980 0.146132 0.269895
-0.000711 0.001757 0.001337 0.001334 0.001883 0.001026 0.001822 0.002401 0.001607 0.002350 0.001499 0.002943 0.001970 0.002127 0.001428 0.002897 0.001546 0.001180 0.000209 0.000932 -0.000009 -0.000010 -0.000932 0.000244 -0.000035 -0.000649 -0.001011 0.000576 0.000494 0.000741 0.000132 0.001705 0.001394 0.001764 0.002216 0.005320 0.004374 0.004045 0.001750 0.001450 0.002185 0.003460 0.007408 0.044920 0.038455 0.041608 0.086929 0.087554 -0.007645 -0.021991 -0.026077 0.258943 0.228552 0.289303 0.298093 0.234594 0.274168 0.341959 0.258697 0.297894 0.293209
0.002189 0.004976 0.004276 0.000604 0.002864 0.002908 0.004816 0.002559 0.003218 0.003498 0.003769 0.001654 0.003675 0.002780 0.003182 0.001544 0.002699 0.001703 0.002007 0.000170 0.001565 0.000818 0.000983 -0.000825 0.000493 -0.000338 -0.000370 -0.001149 0.000894 0.001373 0.002290 0.001039 0.002889 0.002872 0.004088 0.004898 0.005534 0.002563 0.001070 -0.000855 0.001217 0.001346 0.005965 0.009501 0.020607 0.020873 0.015474 0.116856 -0.067112 -0.026467 0.104325 0.115635 0.179792 0.174042 0.215731 0.182926 0.187061 0.316137 0.370164 0.315085 0.342260
0.000194 0.004127 0.002369 0.001018 0.002162 0.003898 0.003192 0.002880 0.002233 0.004721 0.002689 0.002574 0.002153 0.003459 0.002154 0.002049 0.001097 0.001902 0.000637 0.000588 0.000168 0.000910 -0.000358 -0.000997 -0.001709 -0.001615 -0.002259 -0.001954 -0.001328 0.000201 0.000328 0.000999 0.001425 0.003329 0.003968 0.005152 0.003807 0.003000 0.000519 0.001540 0.000013 0.003308 0.003632 0.008445 0.012556 0.012894 0.008071 -0.002738 0.043747 0.013415 -0.018978 0.130166 0.158854 0.219783 0.230194 0.193347 0.247935 0.240075 0.228726 0.263009 0.273816
0.001966 0.003623 0.003174 0.001420 0.003161 0.002654 0.003853 0.002918 0.002585 0.002720 0.002734 0.001470 0.002142 0.001272 0.002315 0.001221 0.001963 0.000680 0.001312 0.000353 0.001505 -0.000394 -0.000175 -0.001576 -0.001103 -0.002929 -0.002315 -0.002988 -0.001017 -0.001278 0.000225 0.000256 0.002392 0.002531 0.004109 0.004393 0.004902 0.002714 0.001940 0.001988 0.004591 0.002122 0.004363 0.006805 0.010820 0.007016 0.006599 0.000948 0.005287 0.000713 0.049791 0.108771 0.120684 0.178039 0.262773 0.313804 0.284756 0.236059 0.179511 0.179946 0.159891
0.001662 0.004437 0.003794 0.003739 0.004157 0.003876 0.004031 0.003987 0.002501 0.002905 0.002027 0.002667 0.001862 0.001540 0.001373 0.002674 0.001893 0.001382 0.001027 0.002161 0.001389 0.000277 -0.001373 -0.000839 -0.002417 -0.003629 -0.004251 -0.002703 -0.002175 -0.001911 -0.001845 0.000078 0.000637 0.001720 0.001823 0.004254 0.002592 0.001969 -0.001433 0.001450 -0.000541 -0.002039 -0.003077 -0.001342 0.002327 -0.001892 -0.001580 -0.016111 0.011798 0.021144 0.123704 0.195537 0.179625 0.167918 0.137527 0.197978 0.237484 0.235841 0.210726 0.243589 0.234469
0.003559 0.006187 0.006236 0.003095 0.005388 0.005504 0.006814 0.003665 0.004090 0.004312 0.003896 0.001773 0.003378 0.002694 0.003171 0.001869 0.003605 0.002659 0.003244 0.002175 0.003268 0.001853 0.000660 -0.001411 -0.001213 -0.002282 -0.002252 -0.002526 -0.000680 -0.000610 -0.000064 -0.000238 0.001828 0.001994 0.003212 0.003650 0.003233 0.000002 -0.000468 -0.001615 -0.001878 -0.004684 -0.004056 -0.003832 0.000231 -0.001943 -0.010479 0.003191 -0.005663 0.107748 0.292966 0.377953 0.389975 0.358873 0.214499 0.120674 0.211204 0.257820 0.206180 0.182409 0.211151
0.002174 0.005675 0.004339 0.003247 0.004172 0.005437 0.004053 0.003840 0.002708 0.005096 0.002955 0.002659 0.002531 0.003782 0.003083 0.003039 0.003089 0.003564 0.003437 0.002781 0.002332 0.001677 0.000593 -0.000505 -0.001318 -0.001745 -0.002347 -0.001411 -0.000935 -0.000096 -0.000104 0.001465 0.002156 0.004176 0.004332 0.005044 0.002775 0.002997 -0.001046 -0.001062 -0.003540 -0.002743 -0.006205 -0.007669 -0.006455 -0.007412 -0.015813 -0.008301 -0.015142 0.207464 0.270284 0.338158 0.417185 0.476644 0.445651 0.288319 0.208416 0.247786 0.248549 0.192236 0.228087
0.001759 0.003624 0.003912 0.002637 0.004023 0.003009 0.004085 0.002720 0.002500 0.002691 0.002722 0.001315 0.002079 0.001453 0.002777 0.001853 0.002981 0.001852 0.002760 0.001359 0.001617 0.000114 -0.000249 -0.000853 -0.000645 -0.001853 -0.001696 -0.001275 0.000761 0.000250 0.001006 0.002397 0.005372 0.005764 0.006331 0.006447 0.007877 0.004990 0.002195 0.000074 0.001154 -0.002712 -0.003663 -0.003061 0.003634 -0.005013 -0.016584 -0.001252 0.162235 0.379938 0.485332 0.535579 0.502363 0.479746 0.433478 0.389905 0.276272 0.226423 0.207529 0.189285 0.157007
-0.001445 0.001833 0.002211 0.003035 0.003477 0.002570 0.002856 0.002787 0.001730 0.001359 0.000608 0.001284 0.000932 0.000793 0.000716 0.002197 0.002064 0.001442 0.000646 0.001304 0.000916 -0.000537 -0.001384 -0.000685 -0.000901 -0.001740 -0.002109 -0.000940 0.000222 -0.000379 0.000312 0.003355 0.005439 0.005065 0.004216 0.008085 0.006703 0.004978 0.001586 0.001582 0.001548 -0.002187 -0.002938 0.004589 -0.001153 0.037214 0.030199 0.099788 0.344693 0.450059 0.486389 0.497011 0.456049 0.382770 0.301850 0.226013 0.207179 0.209364 0.234472 0.147829 0.091752
-0.002370 0.001663 0.003102 0.001567 0.003829 0.003692 0.005181 0.002090 0.002620 0.002419 0.002081 -0.000206 0.002000 0.001760 0.002289 0.001599 0.002617 0.001737 0.001812 0.000711 0.001373 0.000711 -0.000027 -0.000487 0.000991 0.000611 0.000550 -0.000315 0.001386 0.001899 0.002372 0.003742 0.005640 0.005580 0.005487 0.007473 0.007403 0.005280 0.003945 0.002712 0.003796 -0.004354 -0.001294 -0.003265 0.036410 0.027170 0.081682 0.264360 0.350788 0.376110 0.378655 0.353566 0.304866 0.218018 0.144192 0.180004 0.226515 0.252036 0.157498 0.067551 0.060913
-0.002775 0.001938 0.001929 0.001558 0.002892 0.003479 0.002587 0.001664 0.001227 0.002588 0.001338 0.000688 0.001334 0.002594 0.002423 0.002318 0.002235 0.002268 0.001726 0.001207 0.001302 0.001486 0.000984 0.001276 0.001949 0.001833 0.001582 0.001600 0.001482 0.001953 0.001783 0.002947 0.003482 0.004753 0.004410 0.006674 0.007452 0.008291 0.003984 0.004672 0.001645 -0.001379 -0.010817 0.057142 0.007688 0.161215 0.353541 0.466447 0.499785 0.377080 0.244764 0.119338 0.035279 0.053230 0.145558 0.227485 0.186735 0.160836 0.083720 0.057405 0.056335
-0.001268 0.001661 0.002378 0.001063 0.002774 0.001515 0.002541 0.001296 0.000862 0.000764 0.000833 -0.000219 0.000741 0.001135 0.001867 0.001526 0.001748 0.000898 0.000834 0.000109 0.000480 -0.000189 0.000057 0.000764 0.002010 0.001046 0.001757 0.001641 0.002807 0.001330 0.001183 0.000768 0.002759 0.002554 0.004114 0.005614 0.008392 0.006089 0.008308 0.005246 0.002929 -0.004777 -0.001070 0.023785 0.097722 0.286420 0.450028 0.507026 0.383206 0.235096 0.097773 -0.009811 0.019106 0.106393 0.146831 0.114538 0.125820 0.127873 0.132525 0.130308 0.108688
-0.002431 0.001026 0.001509 0.001748 0.002216 0.001109 0.000855 0.000618 -0.000406 -0.000835 -0.001669 -0.000947 -0.000524 -0.000428 -0.000475 0.000670 0.000923 -0.000272 -0.001091 -0.000010 0.000229 -0.000835 -0.000997 0.000842 0.002019 0.000824 0.000923 0.001897 0.002082 -0.001140 -0.001795 0.000210 0.000011 0.000270 0.000401 0.005255 0.003797 0.004834 0.002898 0.000706 -0.007389 -0.002426 -0.008320 0.149261 0.381244 0.499997 0.463347 0.367487 0.209469 0.152445 0.073661 0.022474 0.063476 0.026437 -0.041474 0.007213 0.033472 0.144462 0.194626 0.145793 0.100603
-0.001061 0.002839 0.004101 0.001090 0.003290 0.002934 0.004414 0.000680 0.001257 0.000955 0.000904 -0.001170 0.000855 0.000594 0.000872 0.000572 0.001394 0.000341 0.000124 0.000124 0.001537 0.000930 0.001367 0.001591 0.003671 0.003005 0.003099 0.001607 0.001485 -0.000373 -0.000838 -0.001007 -0.000905 -0.000528 0.001609 0.000372 0.001898 0.002014 0.001459 0.000222 -0.003572 0.051002 0.096746 0.406013 0.525297 0.470643 0.433545 0.320365 0.234795 0.230060 0.197444 0.065467 0.026522 -0.012177 0.010429 0.081450 0.098132 0.118359 0.123504 0.111456 0.075339
-0.003120 0.002109 0.001875 0.000923 0.002810 0.003430 0.002723 0.001942 0.001696 0.002820 0.001204 0.000329 0.000657 0.001761 0.001429 0.001090 0.001141 0.001660 0.001583 0.001506 0.002194 0.003091 0.002993 0.003308 0.004140 0.003968 0.002699 0.002268 0.000535 -0.000019 -0.001311 0.000260 -0.000883 0.000367 -0.002551 -0.001340 0.001717 0.001408 -0.002590 0.003189 0.014888 0.035241 0.363413 0.497048 0.492752 0.442649 0.386772 0.323574 0.320722 0.285508 0.223403 0.177876 0.081521 0.166859 0.279564 0.323221 0.217856 0.174877 0.058224 0.047537 0.099153
-0.001393 0.001639 0.002678 0.000851 0.003256 0.002388 0.003530 0.002086 0.002172 0.001649 0.001642 -0.000556 0.000284 -0.000099 0.000851 0.000093 0.000771 0.000772 0.001930 0.002089 0.003176 0.002477 0.003383 0.002764 0.003930 0.001912 0.002538 0.001262 0.002054 0.000532 0.003090 0.001935 0.002763 0.001100 0.003378 0.006214 0.009559 0.004335 0.004435 0.007728 0.064854 0.315054 0.398530 0.385482 0.413067 0.403420 0.401069 0.321635 0.220297 0.132727 0.199432 0.391708 0.473842 0.537740 0.568884 0.546872 0.455537 0.368660 0.338460 0.331545 0.442299
