public/ISAM/currentu_asc/currentu-2024-07-20T00-00-00.asc
ncols         120
nrows         120
xllcorner     110.0
yllcorner     3.0
cellsize      0.25
NODATA_value  0.0
[rows 81 to 107 of 120, columns 0 to 60 of 120]
-0.143205 -0.023980 0.159344 0.242331 0.271398 0.265785 0.224393 0.163806 0.094746 0.059693 0.066295 0.089695 0.113253 0.135102 0.170361 0.206064 0.242212 0.276458 0.314170 0.295616 0.234079 0.167247 0.109286 0.086563 0.076002 0.057669 0.034299 0.007838 -0.019657 -0.032425 -0.037843 -0.048582 -0.054123 -0.049904 -0.057883 -0.074568 -0.080262 -0.038155 0.058854 0.113271 0.109975 0.026592 -0.017984 0.008965 0.030574 0.031783 0.086307 0.016681 0.042707 0.025345 0.000899 -0.015364 -0.066535 -0.145906 -0.024783 -0.402358 -0.039193 -0.144655 0.016060 0.150675 0.099915
-0.003396 0.212100 0.288789 0.255930 0.224012 0.167966 0.095067 0.023274 -0.026898 -0.048585 -0.048698 -0.034498 -0.004989 0.044588 0.115473 0.204912 0.270583 0.305441 0.286265 0.227678 0.158517 0.089999 0.054168 0.057140 0.060809 0.038360 0.007480 -0.029066 -0.056809 -0.053865 -0.026111 -0.008472 -0.008304 -0.011983 -0.037591 -0.069180 -0.054496 0.018757 0.071247 0.080023 0.106553 0.100406 0.040344 0.004675 0.050779 0.082096 0.065138 0.053151 0.112559 0.133522 0.079782 0.049096 0.025961 -0.015486 -0.019925 0.018072 -0.956447 -0.061576 0.015872 0.028475 0.038999
0.170796 0.303153 0.324417 0.232570 0.148368 0.061493 -0.037550 -0.100918 -0.126177 -0.141440 -0.151574 -0.146527 -0.097062 -0.026197 0.056241 0.161158 0.242236 0.231728 0.173511 0.099059 0.036174 0.014558 0.041032 0.063928 0.057393 0.029335 -0.004611 -0.048700 -0.087330 -0.098924 -0.078735 -0.066650 -0.075626 -0.094669 -0.113376 -0.076259 0.012105 0.065928 0.056841 0.022413 0.047659 0.112309 0.119748 0.042413 0.010223 0.060674 0.101219 0.235934 0.181462 0.160840 0.112327 0.042680 0.031021 -0.005052 0.005567 -0.011355 0.381052 0.240968 0.014597 0.015116 0.025084
0.194939 0.285333 0.272937 0.152559 0.046038 -0.058907 -0.153795 -0.197945 -0.201714 -0.196082 -0.189648 -0.160787 -0.121853 -0.074104 -0.016967 0.037457 0.075523 0.074596 0.025648 -0.021655 -0.015211 0.023040 0.040536 0.038455 0.025885 0.018344 -0.006238 -0.032956 -0.076511 -0.138455 -0.197711 -0.242965 -0.278387 -0.258302 -0.153197 -0.030534 0.057043 0.086149 0.069973 0.041948 0.031150 0.045324 0.027515 0.012780 0.024361 0.085159 0.142551 0.202632 0.145166 0.075993 0.092487 0.127565 0.079066 -0.011362 0.000547 -0.013665 -0.024276 0.146255 0.049812 0.012420 0.016094
0.179710 0.207554 0.156917 0.031272 -0.074749 -0.177354 -0.249800 -0.274322 -0.263805 -0.225387 -0.177442 -0.132682 -0.088704 -0.047944 -0.017608 0.002907 -0.004098 -0.039761 -0.054305 -0.029751 0.004978 0.014711 0.009378 0.009360 0.009610 0.003785 -0.006365 -0.021451 -0.051935 -0.102721 -0.173442 -0.225003 -0.196935 -0.109597 -0.040933 0.001211 0.042805 0.071755 0.109143 0.101791 0.015008 -0.010417 0.024899 0.054318 0.025229 0.071668 0.153862 0.114715 0.098371 0.007074 0.044888 0.069039 0.030667 0.083336 0.093524 0.085232 0.086483 0.016453 0.030502 0.021832 0.011912
0.136117 0.108763 0.039465 -0.071767 -0.177205 -0.261286 -0.300300 -0.294038 -0.256810 -0.208963 -0.160295 -0.112697 -0.068915 -0.035832 -0.029744 -0.036846 -0.046614 -0.042246 -0.023807 -0.001972 0.019075 0.018060 0.007697 0.010828 -0.001725 -0.020169 -0.028670 -0.021067 -0.026277 -0.052618 -0.091235 -0.085908 -0.051564 -0.010428 0.012006 0.024482 0.037112 0.037597 0.048362 0.082358 0.059401 0.004513 0.054603 0.101846 0.118899 0.087561 0.026748 0.064605 0.083174 0.001709 -0.013718 -0.013667 0.006511 0.047799 0.055835 0.098123 -0.001986 0.026967 0.009602 0.042418 0.010056
0.097974 0.057030 -0.020855 -0.133948 -0.200221 -0.244475 -0.261958 -0.249083 -0.217481 -0.187494 -0.141903 -0.093301 -0.060027 -0.043554 -0.045798 -0.048812 -0.045433 -0.040016 -0.005458 0.025426 0.035328 0.017423 0.006635 -0.009045 -0.027191 -0.030975 -0.030276 -0.019994 -0.015171 -0.028960 -0.034632 -0.014773 0.008244 0.023391 0.034195 0.051067 0.042887 0.024622 -0.005703 0.043805 0.022473 0.008225 0.049290 0.093438 0.107236 0.099449 0.065402 0.060900 0.072675 -0.004066 -0.007815 -0.006310 -0.016519 0.050649 0.041233 -0.008969 -0.007249 0.011706 0.005223 0.001498 -0.000891
0.090918 0.056044 -0.004336 -0.089636 -0.146470 -0.179060 -0.186373 -0.174896 -0.164096 -0.152413 -0.119809 -0.073420 -0.038434 -0.029522 -0.029372 -0.024765 -0.021803 0.001015 0.007604 0.013326 0.017242 0.016661 -0.005717 -0.026852 -0.025839 -0.021801 -0.016212 -0.003505 -0.001230 -0.007250 0.000006 0.002346 -0.000177 0.023324 0.077200 0.111139 0.050026 0.044143 0.012076 0.014030 -0.023342 -0.012021 0.011494 0.047701 0.083172 0.108684 0.121471 0.081740 0.084074 -0.006396 -0.005663 -0.008862 0.065981 -0.044927 -0.022778 0.005559 0.002242 0.008446 0.001639 -0.003582 -0.003226
0.183863 0.108646 0.038695 -0.041398 -0.082652 -0.098419 -0.103732 -0.102896 -0.094963 -0.078764 -0.058723 -0.034680 0.000034 0.018502 0.029381 0.047986 0.054239 0.043855 0.009260 0.026408 0.044410 0.027403 -0.004047 -0.029541 -0.034590 -0.024679 -0.019325 -0.025902 -0.049710 0.005825 0.028467 0.021483 0.034311 0.066438 0.069848 0.041124 0.062802 0.029741 0.003898 -0.012284 0.068065 -0.003114 -0.008842 0.028754 0.088070 0.113796 0.087789 0.041356 -0.023038 -0.017274 -0.012694 0.032314 -0.003870 0.004186 0.003174 0.034626 0.002219 0.024750 0.007433 0.038499 0.015914
0.360165 0.170085 0.089198 0.006697 -0.026518 -0.029976 -0.037467 -0.025282 0.002308 0.015935 0.014509 0.020408 0.025393 0.044918 0.062319 0.050823 0.040720 0.051503 0.048363 0.040440 0.017680 -0.005668 -0.012650 -0.019427 -0.025627 -0.013797 -0.025205 -0.036221 0.001671 0.045467 0.096573 0.119559 0.124166 0.096433 0.030263 -0.004555 -0.034196 0.002579 0.010596 0.014936 0.105007 0.047054 0.013012 -0.000353 0.042183 0.037587 0.004032 -0.026390 -0.032532 0.004937 0.025880 0.080805 -0.000810 -0.001000 0.057102 -0.001580 -0.009892 0.071278 0.089405 0.076022 -0.020470
0.214136 0.135508 0.086229 0.040154 0.005034 0.012073 0.015645 0.038225 0.062937 0.066377 0.056500 0.053197 0.051244 0.047892 0.030895 0.016957 0.004453 -0.013150 -0.000147 -0.001727 -0.011755 -0.021684 -0.038949 -0.051092 -0.037354 -0.022375 -0.004274 0.018243 0.048158 0.063365 0.061168 0.086559 0.120233 0.111179 0.074514 0.031750 0.020095 0.029167 0.038657 0.067771 -0.112839 -0.025528 0.013153 -0.020266 -0.050009 -0.063888 -0.064267 -0.054538 0.000393 0.049749 0.082507 0.036750 -0.007600 -0.009827 0.102745 0.003799 -0.009431 0.014674 0.021792 0.034718 0.067021
0.204435 0.131698 0.079102 0.075246 0.023840 0.047599 0.066454 0.087967 0.100492 0.094022 0.082758 0.069238 0.059795 0.045411 0.024422 0.006457 -0.014126 0.000072 0.005766 -0.013629 -0.009863 -0.000354 0.007175 0.000627 -0.016471 -0.008135 0.014390 0.041783 0.045408 0.053001 0.066748 0.073595 0.088388 0.095305 0.081850 0.013019 0.017193 -0.147587 -0.215864 -0.283617 -0.202853 -0.049978 0.024786 0.008872 -0.051231 -0.077163 -0.094960 -0.016471 0.058627 0.051657 0.013769 -0.004215 -0.009424 0.004774 -0.002637 0.088351 0.061970 -0.009223 -0.026206 0.091199 0.130504
0.260937 0.146255 0.092260 0.091406 0.061862 0.074073 0.101420 0.129134 0.139552 0.117817 0.100111 0.071471 0.022538 -0.010131 -0.005360 -0.005433 -0.015516 -0.036566 -0.033928 -0.014447 -0.006859 0.014894 0.049086 0.066832 0.055313 0.030989 -0.000807 0.001260 0.028707 0.064042 0.086730 0.081328 0.024945 -0.021163 -0.064683 -0.042252 -0.141239 -0.159371 -0.156318 -0.066074 0.059158 0.119599 0.118743 0.073859 0.032459 -0.008847 -0.065413 -0.060137 -0.042552 -0.021797 -0.028645 -0.016814 -0.007425 0.048873 0.018273 0.053138 -0.008205 -0.025256 -0.023131 -0.019856 -0.121390
0.215078 0.163802 0.087966 0.107078 0.133007 0.110615 0.113810 0.131474 0.137862 0.111027 0.082921 0.046757 0.032449 0.018842 -0.012005 -0.001084 -0.008218 -0.026824 -0.062030 -0.057328 -0.029056 0.015565 0.052075 0.086458 0.076248 0.027381 -0.027337 -0.045468 -0.029565 0.010951 0.057776 0.018643 -0.048012 -0.036540 -0.011438 -0.027057 0.040804 0.194057 0.344545 0.446888 0.462241 0.444532 0.384636 0.237963 0.097122 -0.039424 -0.104069 -0.134988 -0.116737 -0.044384 0.043320 -0.012371 -0.010243 0.082281 0.012275 -0.013842 -0.009430 0.092507 0.039124 -0.124513 -0.157353
0.113482 0.104779 0.055787 0.060282 0.092310 0.096818 0.091982 0.097412 0.087794 0.070707 0.056325 0.054722 0.033485 0.035673 0.017802 0.012684 0.021575 0.016945 -0.003896 -0.033419 -0.020868 -0.004720 0.017828 0.028644 0.027315 0.018507 0.014517 -0.002660 -0.009828 -0.024476 -0.055774 -0.073721 -0.007838 0.005328 0.096368 0.288556 0.398898 0.448854 0.455258 0.458956 0.455648 0.440521 0.408377 0.309811 0.148386 0.019840 -0.066766 -0.128633 -0.147475 -0.119031 -0.016761 0.096961 -0.009525 -0.027287 -0.030977 -0.091704 -0.111640 -0.150358 0.008627 0.134420 0.116309
-0.000981 0.000639 0.022171 0.027784 0.060978 0.086898 0.089949 0.069369 0.055067 0.038267 0.028092 0.041438 0.013561 -0.005145 0.009766 0.024287 0.029937 0.069057 0.030634 0.009874 -0.015157 -0.024466 -0.037007 -0.058481 -0.048216 -0.003095 0.041541 0.045223 0.028449 0.017495 0.016505 0.000150 -0.004222 0.121738 0.182248 0.213525 0.288433 0.318540 0.320431 0.322871 0.326404 0.320485 0.287870 0.228757 0.145107 0.058109 -0.038443 -0.112107 -0.129135 -0.116747 -0.068607 0.006591 0.022053 -0.127274 -0.021329 -0.074346 -0.090621 0.027755 0.026932 -0.041214 0.042471
-0.072540 -0.035198 0.022104 0.034089 0.062442 0.086806 0.071853 0.050723 0.034959 0.019456 0.007065 -0.017761 -0.038524 -0.036464 -0.015800 -0.036397 -0.043598 0.015428 0.056354 0.022145 0.000276 -0.014519 -0.021286 -0.032701 -0.066153 -0.061271 -0.022897 0.000001 0.006705 0.042036 0.001199 0.004193 0.134054 0.138841 0.108851 0.152964 0.161342 0.142200 0.140328 0.148704 0.137432 0.141984 0.145825 0.137300 0.119268 0.081381 0.012364 -0.046237 -0.063677 -0.041863 -0.001100 -0.015235 0.062445 0.125180 0.079967 0.141253 0.166144 0.228196 0.080063 0.030244 -0.009642
-0.075684 -0.044993 -0.003652 0.029608 0.065366 0.079902 0.057983 0.055730 0.046268 0.016716 -0.010397 -0.044470 -0.062651 -0.075617 -0.054827 -0.008054 -0.004431 -0.024908 0.040738 0.031348 0.014269 0.018055 0.035261 0.088947 0.075650 -0.027205 -0.053136 0.022126 0.087233 -0.001216 0.013504 0.252407 0.308315 0.145066 0.091111 0.068591 0.047560 0.025892 0.011442 -0.000172 -0.008284 0.013817 0.033030 0.057405 0.092100 0.110329 0.096360 0.062924 0.010817 -0.050575 -0.071974 -0.068293 -0.126845 -0.026022 -0.022792 -0.039349 0.082072 0.161468 -0.008639 -0.005215 -0.000654
-0.066169 -0.032615 0.005717 0.028946 0.021984 0.032488 0.041831 0.050212 0.037373 0.019246 -0.015244 -0.034582 -0.051465 -0.066541 -0.060659 -0.031531 0.009444 -0.022477 -0.047209 0.052764 0.030373 0.018290 0.042354 0.121545 0.146959 0.065579 -0.028946 0.014642 0.003732 -0.027513 0.289871 0.340787 0.165072 0.045850 0.026997 -0.007681 -0.035951 -0.058006 -0.073633 -0.082195 -0.066517 -0.044957 -0.023254 -0.000389 0.052754 0.102030 0.113179 0.093188 0.031876 -0.067738 -0.131009 -0.087848 -0.027996 -0.005786 -0.002216 -0.020177 -0.021313 -0.016583 -0.010096 -0.003083 0.000427
0.022256 -0.004349 0.020284 -0.013260 -0.015604 0.007926 -0.003637 -0.001986 0.057884 0.056432 0.016658 -0.014084 -0.049522 -0.061300 -0.048581 -0.040171 -0.004640 0.022645 -0.025904 -0.044925 0.074175 0.028606 -0.057270 -0.037957 0.013418 0.101566 0.062293 -0.044343 -0.030001 0.086806 0.103578 0.117659 -0.008504 -0.011380 -0.001305 -0.033261 -0.072012 -0.101566 -0.119561 -0.116291 -0.090860 -0.077240 -0.064424 -0.022130 0.054133 0.097862 0.120968 0.135317 0.086692 0.023931 -0.012799 0.024501 0.038156 0.023790 0.006527 -0.013745 -0.010072 -0.008220 -0.000811 0.000508 0.002364
0.004992 -0.012438 -0.030871 -0.019959 -0.024471 -0.020079 -0.025139 -0.025460 0.012922 0.054052 0.012368 -0.025113 -0.044675 -0.056153 -0.070479 -0.017609 0.036356 0.048301 0.066301 0.095111 0.069922 0.042769 -0.004689 -0.067042 0.034118 0.107707 0.134461 0.066413 0.020787 -0.000042 -0.041773 -0.047235 -0.015579 0.000344 -0.021889 -0.047324 -0.086340 -0.126357 -0.147092 -0.143385 -0.123694 -0.109236 -0.079032 -0.017906 0.070280 0.129764 0.155497 0.143295 0.066950 -0.023539 -0.006252 -0.004401 -0.001630 -0.026049 -0.038455 -0.011232 -0.025555 -0.010418 -0.007550 -0.004744 -0.003191
-0.010329 0.016979 -0.003999 -0.018779 -0.034405 -0.046965 -0.028690 0.040044 0.067679 0.023114 -0.017524 -0.027924 -0.033630 -0.081957 -0.160252 -0.124955 -0.017743 0.066565 0.112839 0.117050 0.079313 0.058556 0.055343 0.022982 0.048518 0.138746 0.175012 0.145144 0.138962 0.016163 -0.058676 -0.081972 -0.019996 -0.014276 -0.059703 -0.076921 -0.086067 -0.127956 -0.175715 -0.188252 -0.169268 -0.148166 -0.102871 -0.016682 0.074259 0.152934 0.154299 0.094775 0.046337 -0.009086 0.008869 -0.071289 -0.072016 -0.067135 -0.027130 0.002657 0.015908 -0.006206 -0.006293 -0.006311 -0.003713
-0.045419 -0.049614 -0.063961 -0.051478 -0.018479 -0.021111 -0.016610 -0.003469 -0.024855 -0.041134 -0.020304 -0.023738 -0.044142 -0.077603 -0.129734 -0.147557 -0.104852 -0.039519 0.015647 0.055477 0.092778 0.099020 0.092651 0.066848 0.025834 0.058394 0.140803 0.149496 0.071179 0.032578 0.034073 0.007383 0.002545 -0.000430 -0.076166 -0.142295 -0.137541 -0.149506 -0.180914 -0.213920 -0.216137 -0.169571 -0.084323 0.010700 0.078317 0.108706 0.098959 0.055311 -0.003417 -0.004549 0.035834 -0.019314 -0.082219 -0.092310 -0.002798 0.008242 0.010544 -0.024251 -0.008631 -0.009429 -0.004853
-0.082138 -0.000426 0.016431 -0.057827 -0.032870 -0.017378 -0.061014 -0.098586 -0.105893 -0.080039 -0.043533 -0.017175 -0.039862 -0.047153 -0.030105 -0.069342 -0.059664 -0.009409 0.026278 0.016230 0.015941 0.069116 0.144881 0.166838 0.108841 0.069638 0.086809 0.028073 0.000453 -0.003076 0.018154 0.028519 0.044379 0.066181 0.013429 -0.177549 -0.190273 -0.194259 -0.214616 -0.225691 -0.189392 -0.115479 -0.035153 0.011413 0.042196 0.037484 0.044084 0.090627 0.008969 0.044218 -0.017987 -0.058920 -0.100891 -0.131368 -0.141225 -0.150220 -0.107041 -0.033584 -0.009219 -0.005277 -0.005246
-0.028224 0.021714 0.044025 0.025192 -0.000277 -0.052102 -0.133705 -0.174963 -0.174871 -0.100206 0.006390 0.035619 -0.021682 -0.037189 -0.032023 -0.061548 -0.107050 -0.107193 -0.035722 0.022344 0.003339 0.104789 0.233254 0.227123 0.158194 0.127663 0.102519 0.004105 -0.001972 -0.008700 0.007576 0.007441 0.033770 0.026840 -0.066748 -0.165548 -0.237205 -0.190041 -0.121150 -0.070330 -0.024195 -0.020494 -0.017846 0.001497 -0.003649 -0.009974 0.029413 -0.019530 0.001928 0.121682 0.188691 0.267740 0.250098 0.013313 -0.043003 -0.102471 -0.038555 -0.015764 -0.004977 -0.002849 -0.004439
0.054327 0.016628 0.013255 0.029734 0.018924 -0.041518 -0.108859 -0.156561 -0.130836 -0.096709 -0.032019 0.082933 0.072175 -0.033118 -0.037276 -0.055639 -0.146496 -0.265423 -0.234873 -0.156560 -0.021215 0.236797 0.221298 0.156750 0.115261 0.121183 0.084183 -0.004615 -0.011241 -0.011500 -0.008763 0.015805 0.089530 0.104181 -0.024433 -0.117496 -0.180695 -0.132422 -0.032921 0.083303 0.158183 0.186153 0.111070 0.071215 0.070535 0.060286 0.037892 0.094309 -0.043024 0.037982 0.133959 0.298143 0.392543 0.272700 0.149003 0.124169 0.075985 -0.011998 -0.012947 -0.002322 -0.001300
0.034748 0.005374 -0.000105 0.003109 0.008736 0.018048 0.016835 -0.028865 -0.042807 -0.032983 -0.038228 0.009860 0.116324 0.055236 -0.024249 -0.019669 -0.029104 -0.103158 -0.173117 -0.031747 0.189117 0.157314 0.069207 0.165854 0.193337 0.002454 0.008256 -0.000598 -0.011837 -0.008035 -0.007456 -0.010537 0.023339 0.060314 0.082360 0.015178 -0.114259 -0.123545 -0.055916 0.030905 0.088182 0.087344 0.130101 0.100959 0.058130 0.114942 0.113345 0.126236 0.256521 0.103665 0.063066 0.154770 0.219502 0.204527 0.219159 0.172672 0.101659 -0.006726 -0.024501 -0.017061 -0.011913
