public/ISAM/currentu_asc/currentu-2024-07-20T00-00-00.asc
ncols         120
nrows         120
xllcorner     110.0
yllcorner     3.0
cellsize      0.25
NODATA_value  0.0
[rows 27 to 53 of 120, columns 0 to 60 of 120]
-0.001219 0.001529 0.001842 0.002151 0.003059 0.002389 0.002025 0.002184 0.001439 0.000683 -0.000649 -0.000568 -0.000515 -0.000942 -0.000964 0.000761 0.001374 0.000823 0.001041 0.003024 0.003777 0.002923 0.002701 0.003541 0.002814 -0.000185 -0.001177 0.001233 -0.000654 0.000011 0.001952 0.004360 0.003147 0.004042 0.002999 0.008565 0.009144 0.004911 -0.000981 -0.020118 -0.003363 0.269971 0.290573 0.288896 0.288047 0.345470 0.406037 0.330049 0.111159 0.140309 0.509135 0.668628 0.784515 0.833228 0.792792 0.734284 0.686929 0.678473 0.703031 0.728109 0.760780
0.000651 0.003324 0.004326 0.001756 0.004045 0.004386 0.005636 0.002517 0.002395 0.001953 0.001001 -0.000917 0.000128 0.000144 0.000291 0.001004 0.002306 0.001523 0.002764 0.004130 0.005481 0.005055 0.004911 0.003566 0.003381 0.000772 -0.000203 -0.000480 -0.000294 0.002671 0.006121 0.002461 0.000963 -0.000096 0.002286 0.004302 0.002882 -0.004234 -0.012757 0.040532 0.143860 0.184619 0.235347 0.317806 0.354367 0.386752 0.342610 0.250614 0.044684 0.197504 0.293623 0.370228 0.572384 0.703989 0.757078 0.774400 0.780102 0.830084 0.866399 0.892361 0.848885
-0.001217 0.003324 0.003167 0.002396 0.004042 0.005170 0.004192 0.003320 0.002259 0.003055 0.001210 -0.000151 -0.000710 0.000439 0.000326 0.001279 0.001490 0.002284 0.002544 0.004163 0.003895 0.003646 0.002938 0.003100 0.000834 0.000231 -0.001583 -0.000030 -0.000961 0.003396 0.002451 -0.001153 -0.003736 -0.003531 -0.002143 -0.002358 -0.006281 -0.010443 -0.020959 0.077662 0.151145 0.208881 0.249068 0.276850 0.310600 0.363820 0.290906 0.122070 0.010162 -0.028679 -0.095321 -0.066798 0.235549 0.459891 0.644891 0.671345 0.513471 0.565104 0.720029 0.783829 0.723848
-0.000765 0.002252 0.003711 0.001849 0.004113 0.003230 0.004878 0.003070 0.002726 0.001859 0.001550 -0.000694 -0.000345 -0.000535 0.000737 0.000897 0.002512 0.001484 0.003081 0.002687 0.003353 0.001527 0.002429 0.001979 0.002392 0.001336 0.001992 0.002934 0.005292 0.003069 0.002893 -0.000824 0.000738 -0.001683 -0.001723 -0.002292 -0.006198 -0.011088 -0.002053 0.088408 0.245114 0.308022 0.323952 0.255363 0.279424 0.185698 -0.079422 0.018205 -0.016854 -0.092634 -0.107634 0.329756 0.665887 0.522861 0.353780 0.312234 0.417333 0.494955 0.512086 0.495548 0.484411
-0.002812 0.000016 0.000565 0.001271 0.002910 0.002344 0.003132 0.002606 0.002350 0.001351 0.000324 0.000526 0.000446 0.000232 0.000850 0.003017 0.003078 0.002179 0.002282 0.003568 0.002157 0.000967 0.001061 0.003129 0.002283 0.002068 0.003669 0.010550 0.008793 0.007179 0.004285 0.000695 -0.003344 -0.002685 -0.008842 -0.004031 -0.008937 0.002381 0.158585 0.336545 0.393802 0.424627 0.432360 0.338168 0.467361 -0.063303 -0.126966 0.126909 0.206326 0.062417 0.384293 0.622219 0.588781 0.456743 0.148314 0.194756 0.349032 0.408645 0.377696 0.340442 0.260244
-0.002451 -0.000231 0.001238 0.000541 0.002348 0.002799 0.005098 0.003280 0.002937 0.002832 0.001817 0.000530 0.001347 0.000986 0.001710 0.001783 0.002809 0.000845 0.001133 0.000614 -0.000068 -0.001455 0.000148 0.001471 0.002634 0.004210 0.007376 0.008794 0.009577 0.005732 0.003038 -0.003700 -0.006427 -0.009179 -0.009753 -0.002991 0.092807 0.299905 0.455982 0.573795 0.692566 0.578298 0.366551 0.409386 0.047727 0.016186 -0.015667 -0.041762 0.081297 0.313666 0.825950 0.698588 0.256521 0.122463 0.198510 0.333589 0.285462 0.197716 0.089043 -0.023422 0.002375
-0.004688 0.000727 -0.000130 -0.000277 0.001165 0.002409 0.002875 0.003150 0.001369 0.002328 0.000298 -0.000180 -0.001524 -0.000354 -0.001557 -0.001023 -0.003007 -0.003240 -0.004813 -0.004961 -0.006921 -0.005882 -0.005219 -0.001812 -0.000992 0.003823 0.002859 0.006194 0.003419 0.000617 -0.001414 -0.003435 -0.001444 -0.003918 -0.006143 0.102503 0.286261 0.493468 0.722548 0.684486 0.499507 0.340378 0.307025 0.494505 0.020176 0.002762 -0.012134 -0.023882 0.087531 0.875607 0.869874 0.355637 0.068802 0.105730 0.275412 0.211531 0.068718 -0.045542 -0.050798 -0.037494 -0.007714
-0.001641 0.001694 0.002639 0.001656 0.004111 0.002287 0.005840 0.004576 0.003942 0.002370 0.002506 0.000967 0.001288 -0.000287 -0.000567 -0.002319 -0.002370 -0.004948 -0.006448 -0.007077 -0.005940 -0.006549 -0.002944 0.000043 0.004645 0.004204 0.003910 0.002310 0.002400 -0.004272 -0.003779 -0.000585 -0.001140 0.031820 0.098090 0.301345 0.257716 0.398970 0.498199 0.392677 0.236782 0.303551 0.450354 0.019005 -0.006272 -0.000139 -0.000056 -0.054993 0.449472 0.457517 0.282541 0.338933 0.243215 0.271297 0.237974 0.071404 -0.009033 -0.002102 -0.001249 0.000582 0.011553
-0.000577 0.001662 0.002705 0.003834 0.004206 0.003945 0.005201 0.006397 0.004696 0.003416 0.001899 0.003646 0.002999 0.002168 0.000103 0.002704 0.001757 -0.000930 -0.003416 -0.001826 -0.003857 -0.002524 0.000384 0.003551 0.002923 -0.001403 -0.004016 -0.003076 -0.002818 -0.006202 -0.001700 0.007721 -0.001975 0.122316 0.123538 0.154643 0.296572 0.259387 0.370988 0.382082 0.436594 0.601703 0.470005 -0.008315 -0.008875 -0.007406 0.001601 -0.029209 0.466593 0.100048 -0.019472 0.239216 0.327018 0.243128 0.145458 0.059847 0.106549 0.134949 0.132768 0.143265 0.156957
0.000268 0.002320 0.005031 0.003219 0.004253 0.005361 0.007623 0.006481 0.004912 0.004461 0.003970 0.001986 0.003361 0.001593 0.003799 0.002240 0.003875 0.001218 0.001771 0.001376 0.002944 0.003536 0.006232 0.005082 0.004099 -0.006966 -0.008274 -0.001192 -0.001148 -0.013554 -0.013735 0.057709 0.272914 0.215901 0.239951 0.346604 0.419933 0.176932 0.079940 0.126601 0.448846 -0.065182 -0.036494 0.000732 0.007973 -0.002706 -0.010185 0.360681 0.589673 0.245160 0.152325 0.241082 0.241164 0.167959 0.090364 0.071070 0.129687 0.168994 0.159931 0.185349 0.229698
-0.004786 0.002815 0.001644 0.002038 0.002274 0.002298 0.003077 0.003722 -0.000514 0.000028 -0.002093 -0.002674 -0.003674 -0.002610 -0.005612 -0.002190 -0.001475 0.000534 -0.001922 0.001886 0.000708 0.005208 0.002215 -0.000445 -0.004730 -0.015578 -0.020145 -0.002227 -0.008852 -0.021722 0.050983 0.268119 0.308709 0.438317 0.523856 0.330779 0.111702 -0.058658 0.075863 -0.074870 -0.203683 -0.046363 -0.002621 0.014844 0.001341 -0.010044 -0.006553 0.600912 0.291171 0.147566 0.336501 0.396789 0.289705 0.110219 0.039688 0.016034 -0.010913 0.045794 0.075596 0.115315 0.123544
-0.003080 0.001935 0.003236 0.002629 0.004741 0.001278 0.003864 -0.000356 -0.000526 -0.002251 -0.003602 -0.008489 -0.008138 -0.009526 -0.010359 -0.007885 -0.002819 -0.002776 -0.002493 0.001234 0.010294 0.010821 0.008577 0.000784 0.003813 -0.011855 -0.019007 0.003995 0.066460 0.299546 0.564345 0.832829 0.545240 0.356256 0.129217 -0.010868 -0.095014 0.270503 -0.035800 0.049796 0.090140 0.015682 0.025384 0.025928 0.009944 -0.020046 0.369755 0.687499 0.212849 0.453990 0.622405 0.446254 0.245996 0.021969 -0.024012 -0.010465 -0.046674 0.022158 0.118716 0.095564 0.013168
-0.002334 0.000364 0.002791 0.004820 0.004947 0.004334 0.003737 0.004700 0.001326 -0.000051 -0.004830 -0.003923 -0.007876 -0.008968 -0.011246 -0.009735 -0.011831 -0.010926 -0.008619 0.003216 0.015939 0.014499 0.016795 0.013351 0.011730 0.006389 -0.019452 0.198865 0.519994 0.599293 0.621733 0.535068 0.394561 0.278165 0.212241 0.232685 0.097470 -0.484771 0.000929 0.193291 0.122483 0.000575 0.011930 0.020883 0.009830 -0.063198 0.466503 0.320603 0.373950 0.577290 0.354203 0.254286 0.096553 -0.033523 -0.022087 -0.010575 0.006859 0.012464 -0.006487 -0.037536 -0.080156
-0.001374 0.002025 0.008666 0.002326 0.003638 0.003660 0.005836 0.004282 0.002495 0.000513 -0.000849 -0.004378 -0.005041 -0.009556 -0.013259 -0.016737 -0.019700 -0.017406 -0.010444 0.012439 0.022867 0.021126 0.022582 0.028032 0.030746 0.019175 0.000526 0.468278 0.344597 0.271366 0.344462 0.274238 0.345743 0.091926 0.057653 -0.093114 0.063000 0.104485 0.218849 0.233251 -0.190061 0.007482 0.016107 0.028976 -0.004726 -0.077153 0.315763 0.035438 0.308204 0.149456 -0.036996 -0.126174 -0.179174 -0.044219 0.032098 0.016269 0.017408 0.027148 -0.059154 -0.124904 -0.124980
-0.008928 0.002269 0.002419 0.002130 0.000426 0.005046 0.003490 0.002842 0.000962 0.002637 -0.003464 -0.006754 -0.009014 -0.008770 -0.017104 -0.014646 -0.009254 0.005171 0.025545 0.053271 0.090492 0.067521 0.099447 0.155795 0.297227 0.372628 0.387825 0.395046 0.344107 0.298242 0.217132 0.138540 0.134538 0.183237 0.003515 0.061908 0.528542 0.375910 0.237023 0.177731 0.062303 0.014560 0.013923 0.014764 -0.015471 -0.073278 0.185607 0.277009 0.052390 -0.277926 -0.492873 -0.488286 -0.213214 0.010832 0.027048 0.000175 -0.027006 -0.021907 -0.067960 -0.135795 -0.131521
-0.002492 0.006730 0.008404 0.006107 0.006484 0.005352 0.008643 0.003956 0.007245 0.002742 -0.003489 -0.006999 -0.004330 -0.001367 0.001035 0.002997 0.030403 0.052369 0.189557 0.334766 0.387803 0.444145 0.519913 0.546471 0.547059 0.522261 0.494317 0.419434 0.298984 0.197427 0.137678 0.118262 0.181432 0.215012 0.371709 0.498829 0.311984 0.165966 0.087194 0.056431 0.080087 -0.067233 0.017013 0.004126 0.010616 0.168741 0.663543 0.207271 -0.144186 -0.452514 -0.422968 -0.188717 -0.041665 -0.026875 -0.050430 -0.056233 -0.081665 -0.074512 -0.093631 -0.082627 -0.083870
0.004492 0.008124 0.007835 0.003501 0.003149 0.006577 0.009055 0.008240 0.004789 0.000852 -0.009148 -0.004811 -0.001212 0.013772 0.027522 0.004051 0.111274 0.281907 0.287550 0.293276 0.396903 0.470170 0.495357 0.463723 0.429621 0.406614 0.351614 0.245547 0.147647 0.092981 0.108883 0.153113 0.230791 0.244296 0.281856 0.212595 0.067190 -0.066779 -0.224994 -0.274087 -0.122843 -0.006607 -0.059344 0.008588 -0.026498 0.567725 0.334399 0.120234 -0.040917 -0.201160 -0.193749 -0.122557 -0.140959 -0.138985 -0.129238 -0.108972 -0.094942 -0.112198 -0.103154 -0.073664 -0.021765
-0.000250 -0.001448 -0.000762 -0.007490 -0.002568 0.002701 0.011278 0.015973 0.011630 0.002426 0.000701 0.018835 0.020017 0.049474 0.015579 0.053293 0.280510 0.172744 0.205309 0.322416 0.394138 0.397137 0.352163 0.301956 0.260841 0.230095 0.190081 0.125159 0.098093 0.111493 0.161464 0.202734 0.193674 0.154902 0.101120 0.008842 -0.088080 -0.174144 -0.270565 -0.349854 -0.234558 0.018463 -0.170287 0.026598 0.383755 0.409096 0.160331 0.347345 0.242281 0.064886 0.041470 -0.013454 -0.026663 -0.055778 -0.107123 -0.107302 -0.094643 -0.133980 -0.130115 -0.107754 -0.062575
-0.002294 0.000976 -0.006354 -0.004011 0.001432 0.014185 0.024680 0.035327 0.002608 0.036185 -0.009815 -0.023644 -0.114273 -0.020784 0.118543 0.195081 0.155855 0.220270 0.273697 0.317981 0.303187 0.254765 0.198932 0.160117 0.142668 0.139715 0.129276 0.111280 0.125288 0.137868 0.134221 0.108249 0.069754 0.031104 -0.020134 -0.093946 -0.151529 -0.198810 -0.198016 -0.042296 0.243273 0.408167 0.513990 0.778606 0.391827 -0.093110 -0.353408 -0.331031 -0.041165 0.297483 0.365817 0.289608 0.262762 0.211879 0.078322 -0.035093 -0.063929 -0.111941 -0.138717 -0.136970 -0.099435
-0.006307 -0.000405 -0.000938 0.003872 0.019087 -0.006753 -0.034842 -0.164364 -0.186777 -0.161636 -0.117033 -0.004652 0.203962 0.228184 0.200127 0.215561 0.272277 0.319233 0.341801 0.305172 0.194610 0.120418 0.098427 0.091838 0.068895 0.048423 0.050423 0.056577 0.069517 0.060360 0.032638 0.011555 0.000364 -0.022867 -0.058320 -0.091575 -0.138557 -0.197120 -0.168188 0.029463 0.216983 0.183698 0.089425 0.131005 0.013289 -0.134994 -0.321909 -0.586707 -0.458356 0.022523 0.256122 0.325553 0.367767 0.356184 0.236151 0.047262 -0.033306 -0.069219 -0.109676 -0.093156 -0.051193
-0.007441 -0.003128 -0.001236 -0.009609 -0.045890 -0.091840 -0.142155 -0.075880 0.014930 0.099644 0.174006 0.211895 0.206378 0.200165 0.215021 0.285435 0.344518 0.332650 0.273655 0.182986 0.088917 0.044768 0.044255 0.024564 0.008819 -0.028679 -0.059255 -0.046738 -0.030229 -0.028775 -0.035931 -0.029373 -0.018095 -0.011220 -0.020969 -0.034396 -0.052720 -0.096009 -0.128342 -0.176506 -0.308693 -0.325036 -0.213878 -0.107111 0.104534 0.224424 0.091411 -0.062046 -0.350166 -0.206556 0.080252 0.288706 0.383419 0.355291 0.235484 0.081925 -0.016775 -0.043736 -0.102300 -0.095081 -0.054818
-0.022001 -0.011394 0.000151 -0.001558 -0.028480 -0.123701 -0.090441 0.068135 0.192669 0.273277 0.323530 0.354277 0.386375 0.380960 0.365682 0.355073 0.285710 0.195324 0.112443 0.056444 0.014704 -0.009240 -0.013283 -0.004852 0.016970 -0.005337 -0.067198 -0.069907 -0.045194 -0.029621 -0.014499 -0.017003 -0.028648 -0.021737 0.004946 0.013991 0.018550 0.009383 -0.099765 -0.401491 -0.665182 -0.552238 -0.420113 -0.327772 -0.040665 0.336192 0.528517 0.401894 -0.039097 -0.104621 0.074497 0.166020 0.216164 0.290135 0.326719 0.175730 0.017402 -0.043858 -0.063185 -0.083669 -0.110356
-0.013606 -0.004343 -0.024740 0.026908 -0.075812 -0.092602 0.074779 0.329722 0.363593 0.362629 0.355861 0.348709 0.359183 0.358560 0.304371 0.221501 0.146733 0.073923 0.010254 -0.006658 -0.024705 -0.046039 -0.068298 -0.082707 -0.062334 -0.024303 0.011144 -0.000874 -0.032927 -0.005483 0.012203 -0.007527 -0.033508 -0.047684 -0.031536 0.017152 0.056112 0.061861 -0.001019 -0.244671 -0.515198 -0.559780 -0.371696 -0.235060 -0.223524 -0.195341 -0.001333 0.275536 0.135766 0.033057 0.034378 -0.011110 -0.036613 0.022305 0.200788 0.263211 0.103143 0.007757 -0.025870 -0.072523 -0.153049
-0.000623 0.008300 -0.008998 -0.047953 -0.056034 0.018942 0.297340 0.258448 0.184465 0.184609 0.191484 0.182065 0.161966 0.132858 0.110285 0.102083 0.053111 -0.021739 -0.059850 -0.055475 -0.053969 -0.063268 -0.085239 -0.130976 -0.152699 -0.164841 -0.170075 -0.140295 -0.083878 -0.041445 -0.011342 -0.000613 -0.006349 -0.025916 -0.044214 -0.046674 -0.011903 0.045531 0.069883 0.041638 -0.076780 -0.221732 -0.245734 -0.249307 -0.284814 -0.468711 -0.605412 -0.420346 -0.184009 -0.023425 -0.054762 -0.065675 -0.061503 -0.030166 0.050993 0.186627 0.184922 0.079187 0.003934 -0.076584 -0.192793
0.002775 -0.001172 -0.109655 -0.117442 0.014276 0.154864 0.210244 0.116220 0.065892 0.080225 0.088302 0.082413 0.069005 0.059956 0.055335 0.027272 -0.028479 -0.105224 -0.130366 -0.104490 -0.078345 -0.076242 -0.093624 -0.119180 -0.136148 -0.177726 -0.202645 -0.178542 -0.126482 -0.078771 -0.038241 -0.006905 0.011838 0.013073 0.001081 -0.008408 0.009831 0.045391 0.102888 0.147224 0.171621 0.121429 0.033581 -0.079276 -0.180663 -0.294179 -0.542467 -1.021448 -0.299041 -0.189708 -0.174031 -0.161703 -0.155824 -0.104528 -0.043044 0.055701 0.153413 0.127603 0.035045 -0.077685 -0.196730
-0.030027 0.005064 -0.000595 -0.014074 0.004636 0.206663 0.130717 0.061909 0.037495 0.046115 0.049068 0.042538 0.024728 0.017554 0.005840 -0.044062 -0.093857 -0.154460 -0.166572 -0.112924 -0.070147 -0.074718 -0.105693 -0.127825 -0.138301 -0.133298 -0.110404 -0.098181 -0.078595 -0.043262 -0.007204 0.021862 0.044433 0.059721 0.061745 0.089303 0.137002 0.191616 0.222617 0.239270 0.239016 0.210184 0.132492 0.004150 -0.124915 -0.140664 -0.103288 -0.309285 -0.391580 -0.278430 -0.256830 -0.264611 -0.261274 -0.219988 -0.162007 -0.082685 0.008444 0.060828 0.008351 -0.099734 -0.182492
-0.007762 0.008405 0.003730 0.000790 0.038509 0.144616 0.069099 0.037737 0.028396 0.020078 0.003315 0.000846 -0.023204 -0.046596 -0.079730 -0.124847 -0.159183 -0.187255 -0.168855 -0.094657 -0.041948 -0.044574 -0.071569 -0.097849 -0.100979 -0.094612 -0.082069 -0.058689 -0.022142 0.002767 0.017943 0.025806 0.027607 0.032732 0.066904 0.136696 0.199824 0.257576 0.256332 0.220198 0.183211 0.131136 0.079051 0.023912 -0.046848 -0.105329 -0.125801 -0.176884 -0.288850 -0.368466 -0.312018 -0.323327 -0.344441 -0.326516 -0.288198 -0.239359 -0.157960 -0.108258 -0.118531 -0.152637 -0.194288
