public/test_data/output.asc
ncols         112
nrows         112
xllcorner     112.0
yllcorner     2.75
cellsize      0.25
NODATA_value  -32767
[rows 52 to 77 of 112, columns 0 to 59 of 112]
0.7462739 0.7423826 0.73276734 0.7294821 0.71849257 0.70295197 0.6999016 0.7054935 0.7115417 0.7082009 0.7050583 0.68368876 0.666148 0.6348367 0.62119824 0.6024765 0.5909105 0.5638083 0.53678656 0.4939096 0.46575063 0.4443168 0.43549037 0.4130485 0.42021883 0.41377854 0.42187887 0.4357885 0.46515465 0.49998015 0.53615963 0.5532698 0.5656332 0.60318774 0.0 0.0 0.0 0.0 0.0 0.0 0.0 0.6886442 0.7050363 0.7579289 0.80459577 0.8174352 0.8015717 0.7985763 0.80640286 0.8215636 0.83834964 0.8317454 0.82790124 0.81998086 0.8173739 0.8145647 0.81666946 0.80538285 0.79723406 0.77417797
0.74077845 0.7321431 0.7188068 0.7162728 0.70743567 0.69539106 0.6927574 0.6849183 0.68218565 0.6785746 0.6852156 0.6649973 0.65366244 0.62311244 0.61189455 0.5899958 0.5728027 0.53989553 0.5203004 0.47615707 0.4562379 0.43297052 0.42266506 0.409428 0.4231637 0.4195277 0.43594527 0.44690406 0.48645604 0.52252984 0.56308585 0.5916051 0.6000006 0.6136837 0.0 0.0 0.0 0.0 0.0 0.0 0.0 0.70166165 0.6840154 0.7444286 0.8027762 0.8183614 0.81859237 0.8019992 0.7944576 0.8157258 0.82962865 0.83078563 0.82811517 0.82519925 0.82704073 0.82365006 0.82896966 0.8194976 0.81697756 0.79576653
0.7155675 0.7116639 0.69944113 0.70098287 0.6845598 0.67586416 0.66846025 0.66930586 0.65987974 0.6531599 0.65210766 0.642575 0.64131236 0.61718786 0.5959416 0.5741986 0.5471145 0.5207675 0.50088394 0.46681 0.44603932 0.431611 0.43265074 0.420986 0.43526322 0.4370522 0.44958586 0.46359223 0.49387723 0.5340555 0.58851016 0.61184806 0.6101399 0.6252339 0.0 0.0 0.0 0.0 0.0 0.0 0.0 0.0 0.7044966 0.74071634 0.8018738 0.8160695 0.83048123 0.8151009 0.79310703 0.7997794 0.81490284 0.8163922 0.8153574 0.8204834 0.83047545 0.83559734 0.8376966 0.8353233 0.8325601 0.8167297
0.7208764 0.71133614 0.69337755 0.6847527 0.6738042 0.6629857 0.6510981 0.6402603 0.6383818 0.6270578 0.625738 0.6135388 0.62088716 0.5957891 0.5825416 0.5448416 0.52106893 0.49610633 0.48449135 0.45577645 0.45377517 0.43386108 0.43574262 0.42334425 0.4476124 0.45019227 0.46886128 0.4689976 0.5071987 0.5383213 0.599845 0.6246864 0.6338916 0.642148 0.0 0.0 0.0 0.0 0.0 0.0 0.0 0.0 0.72327757 0.7417849 0.7842339 0.82332194 0.827435 0.82321244 0.7924547 0.79371524 0.80366606 0.8122226 0.8139006 0.8320755 0.8380892 0.8453824 0.851093 0.8492571 0.8475769 0.8308137
0.70595247 0.70443815 0.6800494 0.6701134 0.6564086 0.64032865 0.619246 0.60835993 0.6021783 0.59686375 0.6008485 0.5893151 0.58398825 0.5644654 0.5475881 0.52360934 0.51036483 0.49039185 0.48230487 0.46206808 0.4538864 0.4451489 0.44583416 0.44440478 0.46878624 0.47541708 0.4895072 0.5044589 0.53144056 0.5602038 0.61419797 0.6397196 0.6446737 0.6505074 0.0 0.0 0.0 0.0 0.0 0.0 0.0 0.0 0.7386831 0.74844736 0.7906214 0.8151502 0.82242215 0.8104058 0.7835852 0.78664786 0.7943012 0.8014768 0.81356806 0.8304748 0.8435683 0.8484136 0.85313064 0.85339326 0.8533784 0.83967716
0.6929941 0.70282316 0.6864364 0.6657332 0.64524746 0.632135 0.61376107 0.5903542 0.5814867 0.56656826 0.5697869 0.5544715 0.5545689 0.53104955 0.521663 0.5049848 0.5060425 0.49066174 0.48926884 0.47444963 0.47546178 0.45904678 0.46690118 0.4623136 0.4952504 0.49962097 0.5224163 0.53553313 0.56914467 0.58827585 0.62408763 0.652225 0.6513562 0.65376586 0.0 0.0 0.0 0.0 0.0 0.0 0.0 0.74959034 0.73720074 0.75171506 0.7845259 0.80860686 0.8059113 0.789638 0.77075136 0.7810481 0.7854574 0.7941994 0.816462 0.8305135 0.84589607 0.8517914 0.85740155 0.8540596 0.8557387 0.8408224
0.68522066 0.6885289 0.664381 0.656887 0.63719666 0.63012475 0.6091643 0.59459645 0.5792302 0.55044997 0.53874916 0.5228677 0.5273736 0.51837957 0.5111534 0.5013527 0.50241345 0.49648643 0.49509728 0.48939264 0.48851687 0.4832173 0.48816407 0.48875934 0.51026464 0.5176991 0.54329735 0.57211745 0.60542244 0.6276901 0.64520764 0.6589459 0.65209746 0.6493387 0.0 0.0 0.0 0.0 0.0 0.0 0.0 0.7526991 0.7500686 0.7447013 0.765631 0.77739894 0.774406 0.7590914 0.76121783 0.76179725 0.76808995 0.77638817 0.80032563 0.8161506 0.8319436 0.83999497 0.8459841 0.8435428 0.84468424 0.8319764
0.67631304 0.67415494 0.66258526 0.64739645 0.63435745 0.6274892 0.6239413 0.60210484 0.58539593 0.5648726 0.5609142 0.5232195 0.5206817 0.5149798 0.5202466 0.5093273 0.5305384 0.52664655 0.53335303 0.50896895 0.5201724 0.5036313 0.5177136 0.5057632 0.52759385 0.5451273 0.58963996 0.61776876 0.6602337 0.67169213 0.6776924 0.6582656 0.0 0.6560078 0.0 0.0 0.0 0.0 0.0 0.7603741 0.7601196 0.7719474 0.75911635 0.7357906 0.75073856 0.7441691 0.74412197 0.7463327 0.7360632 0.7406437 0.74683046 0.761842 0.78272325 0.79543966 0.8101605 0.8230714 0.8322505 0.8335656 0.83644766 0.8277401
0.644169 0.65112454 0.64433193 0.6382594 0.63134664 0.62505335 0.61920524 0.62169826 0.6104005 0.59800345 0.57721454 0.55818486 0.5508887 0.5497924 0.546659 0.54498893 0.5542977 0.5587899 0.5590125 0.54335344 0.5312882 0.5317488 0.53628737 0.53280354 0.5534092 0.5898496 0.6312864 0.6674511 0.6937835 0.70312786 0.6920502 0.65944785 0.0 0.0 0.0 0.0 0.0 0.0 0.0 0.7616796 0.7736364 0.7757338 0.7624088 0.74599504 0.7460695 0.73759454 0.73735994 0.74145484 0.7308889 0.7212692 0.7221085 0.7403441 0.7572272 0.7630773 0.78515875 0.7970313 0.80914265 0.8140969 0.82551825 0.8222454
0.6101369 0.618569 0.62206316 0.6185071 0.6196836 0.6182555 0.6273413 0.6323961 0.632124 0.6200902 0.60940826 0.587513 0.5906298 0.5736576 0.5806972 0.57267237 0.58125967 0.581697 0.5926405 0.5769574 0.56431943 0.55297035 0.55211586 0.5488905 0.5843784 0.61870295 0.6694001 0.6987674 0.73552454 0.72764003 0.7082104 0.65959305 0.0 0.0 0.0 0.0 0.0 0.0 0.757922 0.7496247 0.76347655 0.7705907 0.75838375 0.74857724 0.74154943 0.7470174 0.73736954 0.74207 0.72515386 0.7255201 0.7192898 0.7379996 0.75082284 0.76020133 0.764719 0.7834431 0.78882337 0.80110073 0.80752486 0.80890334
0.58129466 0.5959758 0.5994118 0.6003484 0.6060465 0.6057682 0.6077962 0.61717874 0.62241966 0.6265023 0.6325533 0.6250037 0.6242662 0.6124828 0.6042026 0.5968595 0.6027649 0.6046423 0.61028856 0.6001429 0.58279675 0.5658525 0.5623229 0.56068015 0.59720075 0.64207447 0.681046 0.71909803 0.73818636 0.73847216 0.71434945 0.66567045 0.6492571 0.0 0.0 0.0 0.0 0.0 0.76091504 0.74422354 0.7488187 0.7569819 0.7597878 0.7449892 0.7403251 0.74613917 0.76229113 0.7639804 0.74778014 0.7472818 0.73878664 0.73736775 0.7529467 0.7562632 0.7567198 0.7677198 0.7761278 0.78450704 0.7965469 0.79750407
0.56689245 0.5818243 0.58176285 0.57980525 0.5817152 0.58962387 0.6019471 0.60746646 0.62716395 0.64556324 0.66108996 0.6609127 0.67525536 0.6655054 0.66777986 0.6468059 0.6490491 0.6435756 0.6455119 0.6264073 0.61583024 0.5803685 0.5708226 0.57141405 0.6165931 0.65637153 0.693777 0.7155384 0.7414278 0.7292995 0.70546514 0.6665251 0.65035814 0.0 0.0 0.0 0.0 0.0 0.0 0.7664677 0.0 0.76008505 0.7514184 0.7531646 0.7316888 0.75357264 0.7402115 0.75550795 0.76112807 0.76448274 0.74596953 0.7480149 0.7353736 0.7614452 0.7507142 0.76416713 0.7619933 0.77589613 0.77998775 0.78247666
0.5486999 0.56713295 0.56119657 0.5633293 0.57306874 0.5818808 0.5882325 0.60705507 0.6284241 0.6551521 0.6834393 0.69969124 0.71855485 0.7189476 0.72115487 0.71075326 0.70265263 0.6854624 0.6741583 0.6580623 0.639353 0.6079335 0.5846254 0.5792703 0.6253943 0.65818423 0.681015 0.70024806 0.71069574 0.7101642 0.69388044 0.65977204 0.66113454 0.6556665 0.0 0.6254835 0.0 0.0 0.0 0.7505445 0.0 0.0 0.74528134 0.7513751 0.7261376 0.7375775 0.7259905 0.72385603 0.75118774 0.75330454 0.7685184 0.7659618 0.7421699 0.75908047 0.7483639 0.7565798 0.76436865 0.76645577 0.7755677 0.7769108
0.54057914 0.5615225 0.55690813 0.5639941 0.5693882 0.58803827 0.60050803 0.6213863 0.64823884 0.6807641 0.71229315 0.72945315 0.75415176 0.75483733 0.76609737 0.7555517 0.74979585 0.73582494 0.71608126 0.6923668 0.67308 0.6484751 0.6330226 0.6187978 0.6442341 0.66406316 0.6780791 0.67279166 0.67396474 0.6687853 0.67355794 0.6641666 0.6581617 0.6606091 0.0 0.62799287 0.0 0.0 0.0 0.7483855 0.7509111 0.7530688 0.7435724 0.7366644 0.7185531 0.7228035 0.7189403 0.71066415 0.7159162 0.7533427 0.7582708 0.7620046 0.7513235 0.7602932 0.75907516 0.76459485 0.76482105 0.7633103 0.76782435 0.7679007
0.536048 0.5564006 0.5513125 0.5676466 0.5876728 0.6090479 0.6325256 0.65561545 0.67148864 0.7077702 0.7326075 0.74983937 0.7694354 0.77886814 0.7890521 0.78821146 0.78305376 0.7698435 0.7487505 0.7212646 0.7004666 0.675553 0.6666385 0.65532327 0.6625398 0.6635469 0.66497356 0.64416546 0.6078385 0.60486585 0.6337095 0.6707863 0.6772689 0.6713326 0.6343226 0.0 0.0 0.0 0.0 0.77797717 0.75880367 0.7501651 0.0 0.0 0.7271833 0.7067048 0.70133996 0.6988463 0.6980462 0.70961803 0.74560815 0.76589614 0.7593042 0.763795 0.76216054 0.76110625 0.7680866 0.75746906 0.7615121 0.7623333
0.55211353 0.5676996 0.5623722 0.59304065 0.6214061 0.648066 0.6675127 0.6831176 0.70583844 0.73214364 0.7513553 0.7594117 0.7856881 0.80782354 0.8290636 0.8278953 0.8212586 0.80428153 0.7831256 0.75342405 0.73763686 0.70881474 0.69676983 0.6766548 0.6764415 0.6672143 0.6699313 0.6458149 0.60935074 0.6117462 0.6359298 0.6583186 0.662418 0.6677903 0.62728024 0.0 0.0 0.0 0.0 0.0 0.79093933 0.0 0.0 0.0 0.0 0.71109617 0.6991592 0.69406027 0.69947124 0.0 0.7316655 0.7629829 0.77084 0.7662052 0.76700777 0.7677173 0.7606798 0.7606443 0.7596457 0.755637
0.5629197 0.5724986 0.58787256 0.620602 0.65143245 0.67648065 0.6911884 0.7117719 0.73191935 0.7516357 0.770401 0.7748374 0.804474 0.83542484 0.859179 0.86671746 0.858137 0.8403709 0.8155186 0.77944183 0.75576186 0.73325944 0.71597016 0.70062715 0.69016975 0.66671723 0.66981214 0.66481626 0.652568 0.65176463 0.66870207 0.6583167 0.6551683 0.0 0.6211959 0.59772164 0.0 0.0 0.5855146 0.5929478 0.6007317 0.0 0.0 0.5836701 0.0 0.6949541 0.0 0.0 0.72666526 0.0 0.7317308 0.76047397 0.77904224 0.77153754 0.77277684 0.77105904 0.76581466 0.75737035 0.7618423 0.75156957
0.58047926 0.60912937 0.62023276 0.6533359 0.6723642 0.7014909 0.7149236 0.737809 0.75155973 0.769842 0.7770919 0.7884473 0.8219203 0.8550355 0.87758064 0.891112 0.8899789 0.87387735 0.8474364 0.8113085 0.7857806 0.7583625 0.73050797 0.7175 0.70304024 0.6640569 0.67172754 0.67067367 0.67391634 0.67725104 0.6763392 0.65941966 0.6464696 0.6171683 0.6159517 0.5933518 0.59792584 0.6013018 0.5855342 0.59059244 0.0 0.6000658 0.0 0.58934486 0.0 0.0 0.0 0.76682746 0.7602546 0.7737612 0.7558742 0.7731412 0.7639627 0.7645707 0.76898164 0.7779265 0.76382273 0.7548427 0.7538745 0.7473826
0.61324215 0.63580495 0.6576591 0.6746388 0.695745 0.7134329 0.73059195 0.7496074 0.76190025 0.7712694 0.7803048 0.7882426 0.8259072 0.85631305 0.8786869 0.8921457 0.89940757 0.88853264 0.8646745 0.8298951 0.79905874 0.7695719 0.74106157 0.7223354 0.70558983 0.67023987 0.6577797 0.6681491 0.6758389 0.6752884 0.66430044 0.6500963 0.61793864 0.61260706 0.62385345 0.0 0.0 0.0 0.5926835 0.5823542 0.0 0.59071547 0.61252344 0.59916526 0.5882365 0.5834828 0.0 0.0 0.7634973 0.7702797 0.77354896 0.7636671 0.75575006 0.76012623 0.76485664 0.7596047 0.7613391 0.755861 0.74111533 0.7357348
0.64642143 0.6731681 0.6834037 0.7040557 0.7096729 0.73453057 0.74192196 0.75583583 0.76281303 0.7749314 0.782514 0.7936524 0.8234858 0.8588398 0.8767991 0.88610816 0.8928129 0.8859534 0.8717467 0.83655477 0.81197095 0.77852774 0.75066227 0.725977 0.71272886 0.6847039 0.66880566 0.6716261 0.6808572 0.6736866 0.65906876 0.63689995 0.6284641 0.6282805 0.6267872 0.63481414 0.0 0.0 0.6067068 0.59701204 0.59432936 0.5876538 0.58960956 0.5984032 0.59113044 0.6012161 0.5689618 0.0 0.0 0.7816012 0.7461306 0.74601144 0.7388798 0.74311626 0.7403013 0.7554282 0.7443631 0.74662036 0.726524 0.7224763
0.6797038 0.69275683 0.7045436 0.71723634 0.720789 0.7349458 0.74566483 0.7554672 0.7658843 0.76940984 0.7880736 0.795062 0.8168774 0.839455 0.8620394 0.86841214 0.8758811 0.8704147 0.8559753 0.8295096 0.80119306 0.77475023 0.7490228 0.7217957 0.71453077 0.6953106 0.67998844 0.67852813 0.6768735 0.6683715 0.6612772 0.65145385 0.6496488 0.6392214 0.6358035 0.6373784 0.0 0.0 0.6097788 0.594167 0.5771605 0.5692988 0.5842004 0.591589 0.57603633 0.58774984 0.549593 0.5998269 0.0 0.73007584 0.68424284 0.6851558 0.68271726 0.70254284 0.7283694 0.7267011 0.7432351 0.7333935 0.7186873 0.7161133
0.70293474 0.7195787 0.71884525 0.7314745 0.7275178 0.74610776 0.7500934 0.7611967 0.76424587 0.77838516 0.78411674 0.79477096 0.80570173 0.8216184 0.84173435 0.84922314 0.853834 0.851831 0.83856267 0.8228442 0.8035033 0.77298105 0.75380343 0.72902846 0.7179642 0.7006869 0.6932406 0.687343 0.6869574 0.6775547 0.6838844 0.6796636 0.6726061 0.673351 0.6552957 0.64840007 0.0 0.0 0.63277525 0.59090054 0.56335735 0.6035877 0.0 0.57302773 0.5444657 0.0 0.5591664 0.0 0.5842637 0.69148237 0.0 0.0 0.0 0.71517307 0.72378063 0.72852874 0.7319508 0.7274634 0.70427364 0.70790887
0.7141941 0.72592366 0.73481435 0.74055237 0.7403125 0.74853534 0.7534913 0.7633198 0.7683683 0.77362585 0.7833323 0.7805877 0.79373354 0.7955983 0.8099753 0.81628233 0.82452697 0.82527333 0.8174487 0.803573 0.7839302 0.7591513 0.7423747 0.72055143 0.70488095 0.7000958 0.70939523 0.6948749 0.7003626 0.6942864 0.7004048 0.7054021 0.0 0.69699657 0.6887069 0.66494066 0.66277695 0.6338828 0.6036958 0.55830455 0.0 0.5954648 0.61368304 0.59654856 0.5716299 0.0 0.0 0.0 0.58137727 0.56084895 0.0 0.0 0.0 0.0 0.7462871 0.73692447 0.7338224 0.7176779 0.7039688 0.68437
0.7297679 0.74272025 0.7446549 0.75547874 0.7507512 0.761687 0.7617867 0.77143127 0.77580166 0.77964 0.7795351 0.78207517 0.79025745 0.79300344 0.79073215 0.79273367 0.7989678 0.80036634 0.7943764 0.7828772 0.7745242 0.7496027 0.73886347 0.72143966 0.71340716 0.71724224 0.71965414 0.7153291 0.7172853 0.71602446 0.71420324 0.71286756 0.0 0.0 0.7192334 0.7004196 0.66221905 0.6252457 0.6049267 0.5683645 0.5974365 0.6071713 0.5959091 0.5893959 0.5911621 0.0 0.60406715 0.0031551048 0.0 0.57258856 0.5376074 0.0 0.0 0.0 0.75599366 0.7389932 0.72617733 0.7087408 0.6813206 0.686601
0.7435288 0.75294816 0.7594676 0.7644439 0.7598825 0.7682617 0.76988614 0.77438575 0.7744524 0.7704844 0.77342814 0.7716295 0.781062 0.7810339 0.78639454 0.7802979 0.7818001 0.77471846 0.77887696 0.76928115 0.75951064 0.74860305 0.74070084 0.7288054 0.7202058 0.7152308 0.72837275 0.7161739 0.7191435 0.70744073 0.7059321 0.7083666 0.0 0.7163802 0.72568613 0.701192 0.6718309 0.6296689 0.60307634 0.5738869 0.5683142 0.0 0.5989239 0.58934075 0.6031743 0.61498654 0.61228997 0.5917642 0.5854161 0.5689629 0.5573468 0.55198324 0.0 0.0 0.76689136 0.7386913 0.7204004 0.69999367 0.68211347 0.6754897
0.7563666 0.76606613 0.7662124 0.7704083 0.76881176 0.7739695 0.7741227 0.7776227 0.7717212 0.772937 0.7717262 0.772605 0.77659434 0.77823675 0.7830737 0.78389466 0.7807051 0.77822286 0.7712685 0.7668898 0.75946116 0.7520165 0.7388316 0.7414377 0.7329402 0.7313747 0.7345043 0.7320426 0.70908505 0.68062764 0.6795901 0.70537615 0.7237021 0.72015834 0.72415876 0.6939265 0.6695677 0.62449855 0.58287746 0.5688235 0.5654659 0.0 0.0 0.0 0.6086141 0.61329263 0.6009122 0.6041037 0.58911675 0.5756133 0.0 0.5537281 0.0 0.0 0.7504795 0.73160625 0.72066224 0.7119793 0.6782242 0.6594693
