public/test_data/output.asc
ncols         112
nrows         112
xllcorner     112.0
yllcorner     2.75
cellsize      0.25
NODATA_value  -32767
[rows 78 to 103 of 112, columns 0 to 59 of 112]
0.75648904 0.7703158 0.7701939 0.7707655 0.76893437 0.77407646 0.7720044 0.77009904 0.76290953 0.7587327 0.767724 0.76129997 0.76654446 0.77267975 0.7835104 0.77764297 0.78587955 0.7813155 0.77313346 0.7620491 0.7533902 0.74947935 0.7469151 0.7423524 0.75245625 0.7406743 0.724398 0.7098528 0.69944376 0.6673297 0.0 0.71337146 0.7231787 0.71853924 0.6862247 0.6586152 0.6586691 0.6117314 0.55019987 0.51973253 0.56864065 0.0 0.0 0.0 0.0 0.61708844 0.6090757 0.0 0.007237792 0.5788179 0.0 0.0 0.0 0.0 0.0 0.7293211 0.7139447 0.7122937 0.6927241 0.64611524
0.762111 0.7697771 0.7719322 0.7763189 0.77070045 0.77732533 0.7714166 0.771546 0.76870733 0.7588376 0.7635515 0.7656798 0.766835 0.77798355 0.78227615 0.78216887 0.78790766 0.7809785 0.77875376 0.7695616 0.76437426 0.76083463 0.76083237 0.75550413 0.7599709 0.7380665 0.7202299 0.7026548 0.68404746 0.6667466 0.0 0.0 0.72584 0.69587 0.6755092 0.6459393 0.6415519 0.5995221 0.5472317 0.5209438 0.5718724 0.0 0.0 0.0 0.6236652 0.61958176 0.60707766 0.59028465 0.0 0.57368827 0.0 0.0 0.0 0.6643873 0.6429608 0.0 0.72198904 0.71348447 0.6721194 0.64568144
0.7641703 0.76865476 0.77282256 0.77784973 0.7746112 0.76922905 0.7704638 0.7716873 0.76917005 0.76204914 0.76275384 0.76526624 0.7690465 0.76650727 0.77776957 0.7785081 0.7889819 0.78626645 0.7838641 0.77856934 0.7858838 0.770216 0.76721525 0.7572196 0.756809 0.7359732 0.72150326 0.6949759 0.68459123 0.6513463 0.0 0.7306263 0.71066546 0.6649556 0.6505414 0.64114547 0.62984943 0.6055293 0.5553225 0.5438896 0.0 0.0 0.0 0.6427184 0.0 0.0 0.0013619959 0.5832386 0.006923452 0.57549685 0.0 0.5764658 0.6752528 0.66322976 0.6437957 0.0 0.7339074 0.7062957 0.6885715 0.6479134
0.7700121 0.7745686 0.778991 0.78158504 0.77356386 0.77298343 0.76800203 0.77353656 0.7648045 0.7673518 0.7622807 0.7698143 0.7704487 0.77002794 0.77710783 0.7829837 0.78989345 0.7901881 0.79247874 0.7915099 0.78494906 0.7796123 0.77516055 0.7602344 0.7505558 0.72459835 0.7096331 0.68503875 0.6604802 0.65530074 0.0016744509 0.0 0.6944594 0.66826165 0.6488552 0.64112586 0.6253441 0.60200626 0.5797421 0.59089345 0.0 0.58368415 0.56015086 0.5986034 0.0 0.0 0.584788 0.0 0.0 0.5941335 0.57641566 0.5881929 0.0 0.6630768 0.58767873 0.7411177 0.7337457 0.7116734 0.6812769 0.6671039
0.7729443 0.77834135 0.7810699 0.7813267 0.7794488 0.7698246 0.7678041 0.7651969 0.76907915 0.7657706 0.76673245 0.76436067 0.7708752 0.7652159 0.77485377 0.7762742 0.789809 0.78421754 0.79399514 0.7882494 0.7888613 0.7779607 0.75646627 0.7401278 0.73411834 0.70375174 0.6964222 0.6629887 0.0012865439 0.0 0.719826 0.70586824 0.6836095 0.6563268 0.6392209 0.6244029 0.6100902 0.59858805 0.59774894 0.59672165 0.61139727 0.5947873 0.5820916 0.5772108 0.0 0.0 0.57547474 0.0 0.0 0.6001678 0.59328866 0.57268244 0.5681519 0.0 0.0 0.75805604 0.7492364 0.72195435 0.67916554 0.6585321
0.7707979 0.78201723 0.78342277 0.78295463 0.78042513 0.7792465 0.7731381 0.77162564 0.77112734 0.77498513 0.7610487 0.7663939 0.7759775 0.77555436 0.77591133 0.7772033 0.7813429 0.7909124 0.78631175 0.790545 0.78157413 0.76156723 0.7393864 0.7179259 0.70323354 0.6864463 0.6738808 0.6843243 0.0 0.737814 0.72895354 0.6918885 0.6530039 0.6436232 0.6111451 0.59241426 0.60627633 0.60925645 0.6109489 0.59646434 0.585241 0.5834047 0.5801897 0.5710032 0.0 0.598287 0.0 0.59514785 0.5858139 0.0 0.0 0.60272515 0.5655359 0.0 0.5218876 0.7667718 0.7526576 0.75199485 0.6940083 0.66924983
0.7689822 0.7831467 0.78899264 0.7882174 0.7823434 0.7776465 0.77615184 0.7757124 0.77404714 0.77306634 0.77969414 0.7704392 0.7778235 0.77999187 0.7808648 0.7802317 0.78754246 0.7804963 0.7902022 0.77942586 0.75179595 0.7347897 0.72309947 0.70229983 0.6898276 0.6726325 0.6886583 0.7581861 0.73764914 0.7168017 0.69821525 0.66550756 0.653128 0.62464565 0.59176636 0.59112406 0.6084862 0.61904484 0.6168057 0.5845993 0.58291185 0.59106046 0.0 0.0 0.0 0.58424354 0.0 0.6031821 0.0 0.0 0.0 0.5979135 0.56504065 0.5330283 0.0 0.7941468 0.0 0.75683945 0.7156395 0.6703037
0.77175957 0.78959954 0.7949862 0.800915 0.7996132 0.795728 0.78999597 0.7863883 0.7788229 0.7813811 0.7853654 0.78564614 0.78472245 0.7905459 0.78604865 0.7860167 0.7867625 0.78934044 0.77393955 0.76417595 0.73674214 0.7271739 0.70995593 0.69409055 0.68866277 0.6891527 0.0 0.75009066 0.7201526 0.6868464 0.6663093 0.6496315 0.6327629 0.62178564 0.6047509 0.6039826 0.62672657 0.62220335 0.61002827 0.5917023 0.58946776 0.6074263 0.6166789 0.0 0.0 0.5988945 0.60708785 0.6160387 0.60578096 0.59298307 0.59297025 0.5700001 0.5357288 0.5381023 0.0 0.0 0.7939804 0.7663416 0.7160096 0.6776313
0.76491463 0.78085816 0.79041445 0.79780245 0.8068634 0.79911333 0.7965174 0.78890204 0.7864663 0.7850567 0.7871058 0.7852238 0.78888637 0.7888591 0.7881053 0.7820497 0.78885806 0.77285284 0.7596897 0.73978996 0.72942716 0.71713674 0.69731724 0.6899777 0.0022858083 0.0 0.72760653 0.71500605 0.67830557 0.65684015 0.64152676 0.62670213 0.61924636 0.61090624 0.61255765 0.61276215 0.6168029 0.61973083 0.6242895 0.6080135 0.6154376 0.62642777 0.62334365 0.6182973 0.0 0.0 0.0 0.6069333 0.58466977 0.5813437 0.57970184 0.56260836 0.54788077 0.5504758 0.540008 0.0 0.0 0.7721013 0.7196246 0.6767647
0.75687885 0.7663227 0.7886637 0.80388325 0.80702865 0.8107331 0.8018479 0.8013607 0.7933552 0.7981511 0.7981538 0.8002778 0.795171 0.79847515 0.7864331 0.7848858 0.7893635 0.7733635 0.74620146 0.73267573 0.72534585 0.71313775 0.7066957 0.0 0.0 0.73916805 0.7210845 0.68325186 0.6579028 0.64936876 0.6375404 0.62456346 0.61551607 0.60544235 0.6028114 0.59893525 0.5973701 0.6161033 0.6288021 0.630167 0.6400356 0.6320138 0.6298266 0.6206017 0.61265063 0.6174474 0.61251354 0.60857534 0.5616741 0.5675454 0.5763833 0.58521485 0.56825227 0.0 0.0 0.0 0.0 0.0 0.7196439 0.6806695
0.74086905 0.7724438 0.7916988 0.80451745 0.8066632 0.8054907 0.8020163 0.7995751 0.8024622 0.7991263 0.8035239 0.79737073 0.797543 0.7926552 0.7876937 0.7807776 0.7781206 0.7559794 0.74947894 0.7281601 0.7221002 0.7187465 0.0 0.0 0.7475033 0.72370213 0.70153105 0.66310984 0.65510285 0.63874274 0.63157105 0.6194423 0.6148727 0.59225875 0.59040606 0.58851236 0.58744144 0.60325813 0.6181484 0.6263573 0.6355451 0.62943745 0.62341297 0.61112237 0.5966428 0.58691466 0.6119591 0.5873997 0.56533974 0.56714684 0.5883793 0.5840907 0.0 0.0 0.0 0.0 0.0 0.78569376 0.7469441 0.6857698
0.7347081 0.77337974 0.79894346 0.8122921 0.8121877 0.808551 0.80778384 0.81517094 0.8087574 0.8150778 0.8035633 0.8058866 0.7993421 0.8048949 0.79242086 0.78951615 0.76621747 0.77273625 0.7393148 0.7362659 0.725042 0.0 0.75479805 0.74057955 0.7264902 0.7227696 0.6749946 0.658855 0.6423968 0.6399515 0.63162464 0.6247017 0.60996985 0.6107727 0.5886306 0.588613 0.57477427 0.58800536 0.592038 0.61324054 0.6108901 0.6220385 0.5974082 0.56718296 0.5520956 0.01760754 0.0 0.0 0.58481985 0.60456413 0.0 0.0 0.0 0.0 0.0 0.0 0.0 0.0 0.74114954 0.68671155
0.74042463 0.7780115 0.8032572 0.81105757 0.8134426 0.8061379 0.8156784 0.811379 0.8141081 0.80731624 0.79977584 0.7918685 0.8050348 0.7960476 0.79672134 0.7870124 0.7821702 0.7715516 0.7526655 0.73625875 0.7436475 0.0 0.7451258 0.72948265 0.7270057 0.7017472 0.6712955 0.65249515 0.63741 0.6242724 0.62993914 0.6222026 0.61734486 0.601586 0.5959565 0.5842734 0.591979 0.57830185 0.5595584 0.56738853 0.5851896 0.5940001 0.58018446 0.54910654 0.56805426 0.0006785169 0.0 0.0 0.60428524 0.0 0.0 0.0 0.0 0.0024623573 0.0 0.0 0.0 0.0 0.7591258 0.6663553
0.77801895 0.793918 0.81441295 0.81694716 0.82161915 0.82810473 0.82225865 0.81583834 0.8106805 0.8146802 0.8121703 0.81360465 0.8145588 0.8167262 0.7981505 0.7990697 0.7949305 0.7814828 0.7578042 0.7449834 0.0 0.74774134 0.7432887 0.73597085 0.71028644 0.6902823 0.6695212 0.6520207 0.6378641 0.64425415 0.64660233 0.62735873 0.6153519 0.6173027 0.5980436 0.5952062 0.60187 0.59138757 0.570634 0.56671834 0.5662837 0.5744198 0.0 0.0 3.6232173e-05 0.0 0.0 0.0 0.0 0.0033089593 0.0 0.0053770915 0.0 0.007346563 0.0 0.0 0.0 0.0 0.7195282 0.6772542
0.78010535 0.8010775 0.8113492 0.8171279 0.81952727 0.821652 0.8249955 0.8168662 0.81421536 0.8043264 0.822156 0.8178935 0.8175692 0.80791646 0.81106967 0.80404496 0.8004225 0.7812341 0.7729352 0.7474184 0.7219376 0.7266877 0.7421264 0.7319436 0.7179899 0.6939615 0.659563 0.63940156 0.6414444 0.62862617 0.63703054 0.63171685 0.6378843 0.6212836 0.6144241 0.60600924 0.60475844 0.6004135 0.59346604 0.56739193 0.57434183 0.0 0.0 0.55224013 0.0 0.0 0.584365 0.5762061 0.0 0.0 0.0 0.0 0.0 0.0 0.0 0.0 0.0 0.0 0.76822567 0.6508916
0.78759515 0.80684304 0.81147826 0.8193368 0.8103372 0.8203703 0.82278043 0.8270439 0.8268453 0.8319922 0.8258376 0.82517016 0.8060405 0.81115943 0.7982669 0.79828304 0.7872403 0.7861405 0.7570903 0.7330892 0.7043175 0.7185998 0.7345527 0.73252296 0.715338 0.68890196 0.67106795 0.6404418 0.61984193 0.61781746 0.6242258 0.6363877 0.6337624 0.6331833 0.6312999 0.6191233 0.6143351 0.5967933 0.5835259 0.5701352 0.5678584 0.0 0.58267784 0.5772466 0.5915038 0.5949152 0.5931289 0.58572906 0.58915895 0.0025047287 0.0 0.0 0.0 0.0 0.0 0.0 0.0 0.0 0.0 0.64585686
0.7802462 0.79932046 0.8035019 0.80388457 0.80287296 0.80773133 0.81584615 0.8163689 0.81772435 0.821852 0.8135532 0.80422574 0.80052316 0.7960884 0.79185313 0.7742433 0.7707239 0.76983106 0.7370295 0.7108916 0.70851046 0.0 0.7579955 0.7467121 0.7190239 0.68888694 0.67297286 0.64173746 0.62392765 0.6139268 0.62710994 0.62594575 0.6340421 0.632511 0.6310482 0.6199583 0.6136103 0.5940329 0.58023894 0.5687051 0.0 0.0 0.59278697 0.58669555 0.5936714 0.59058243 0.56852263 0.58092624 0.58530927 0.002551496 0.0 0.0 0.00072927773 0.00033044815 0.0 0.59238195 0.0 0.0 0.0 0.6206898
0.7755489 0.7969567 0.79414845 0.8016661 0.7954806 0.80824256 0.8004774 0.8072179 0.8032475 0.81852806 0.80115956 0.79897845 0.7773077 0.7792327 0.7546489 0.7431536 0.7371274 0.74938476 0.7238061 0.0 0.7151135 0.77729183 0.76039183 0.74201536 0.724237 0.7021311 0.0 0.6445273 0.62868845 0.6112883 0.61502 0.62630296 0.6324781 0.6295443 0.621966 0.6167481 0.6047802 0.58998716 0.5848085 0.57989216 0.002214618 0.6250682 0.60682565 0.6030906 0.5861468 0.5629524 0.55239385 0.57292914 0.5788787 0.0 0.0 0.0 0.0 0.0 0.5941722 0.0 0.6021358 0.0 0.63235474 0.5977753
0.7725322 0.7763326 0.7840741 0.7895871 0.7898381 0.79074377 0.7863129 0.779701 0.790736 0.7860231 0.78248197 0.7725409 0.7683628 0.7582785 0.7486304 0.7422939 0.73627985 0.74312305 0.7361094 0.0 0.760537 0.0 0.7744527 0.74999744 0.73774225 0.7210229 0.68894726 0.6670602 0.6401536 0.626398 0.6182529 0.61924523 0.6287034 0.61521614 0.612416 0.60863733 0.6104014 0.58850163 0.5962424 0.58568114 0.0104904175 0.6146 0.60186887 0.593689 0.57190543 0.546014 0.546835 0.5669786 0.5770369 0.0 0.0 0.00055690855 0.0 0.0 0.6040642 0.5865048 0.59868705 0.6688436 0.6266072 0.5689916
0.77626204 0.779289 0.7806563 0.78575957 0.77961385 0.7831201 0.7729204 0.77812284 0.7646767 0.7832182 0.7648433 0.77092 0.7534398 0.753515 0.73554736 0.74312824 0.73781663 0.7538571 0.7436101 0.0 0.0 0.0 0.0 0.7748003 0.73660016 0.72421676 0.6993166 0.6814479 0.6535464 0.6344224 0.62083334 0.6367376 0.60576963 0.61279327 0.603941 0.605709 0.60582834 0.5999346 0.5866579 0.60917693 0.0 0.6150763 0.5944841 0.5872849 0.5550932 0.5424585 0.54655874 0.57044506 0.58464354 4.887581e-06 0.0 0.004291706 0.0 0.0 0.0 0.61827 0.6021606 0.6824509 0.60893637 0.5587209
0.7784326 0.7743239 0.7749054 0.7691982 0.7649006 0.76718765 0.76864713 0.7643642 0.76604503 0.7607152 0.76209533 0.7540131 0.748474 0.74425393 0.7576142 0.7566912 0.7574061 0.0 0.0 0.0 0.0 0.0 0.0051709265 0.7914851 0.7685133 0.7198126 0.71633273 0.69917333 0.6829316 0.6619854 0.6333125 0.62822706 0.62716144 0.61194736 0.6106271 0.6123089 0.61809963 0.61619604 0.5897794 0.58736646 0.60800636 0.59608763 0.59265584 0.5903798 0.5625725 0.5539994 0.55768347 0.57220054 0.590913 0.0 0.0 0.0 0.0 0.0 0.0 0.61105245 0.6266314 0.6038344 0.5711524 0.53313375
0.7807587 0.78107494 0.7750631 0.7663923 0.75846833 0.76129675 0.7620522 0.7642744 0.7670239 0.7639184 0.75798273 0.75425494 0.7449521 0.7525817 0.7526331 0.75044775 0.7766295 0.0 0.0 0.0 0.0 0.0 0.0 0.79056036 0.0 0.76040167 0.7207165 0.70827425 0.6903618 0.67607635 0.6413867 0.63738436 0.6234058 0.63269335 0.61167324 0.6127048 0.0035872161 0.0 0.59503347 0.5981319 0.59701604 0.6021238 0.5957311 0.5877712 0.5753751 0.5741708 0.5697387 0.5795428 0.59747064 0.5993706 0.59572744 0.0 0.0 0.58766633 0.0 0.61250764 0.63382137 0.58779705 0.55140626 0.5069473
0.77913886 0.7833717 0.7772673 0.76426196 0.758122 0.75568223 0.7612223 0.7656577 0.7625058 0.7692227 0.7682561 0.7559494 0.76533955 0.76831746 0.76904833 0.78682977 0.0 0.0 0.0 0.0 0.0 0.0 0.0 0.0 0.80783844 0.0 0.7554069 0.73216915 0.705815 0.6673851 0.653761 0.6314863 0.6384875 0.61980766 0.61975455 0.61370164 0.0 0.5996862 0.6009905 0.58904046 0.59562516 0.58874846 0.59605294 0.59070164 0.58193344 0.58439046 0.58447284 0.5805688 0.5972858 0.5913292 0.5926002 0.58010894 0.58603704 0.58181816 0.6445604 0.6312554 0.60616195 0.54520524 0.5355003 0.48612
0.7793858 0.78672105 0.7736241 0.767634 0.75717354 0.76725745 0.7649797 0.76900864 0.7690156 0.7675261 0.76376706 0.7607679 0.7675845 0.7768031 0.784775 0.0 0.0 0.0 0.0 0.0 0.0 0.0 0.0 0.0 0.0 0.0 0.0 0.0 0.72637767 0.6997451 0.65833503 0.6449968 0.62907577 0.6306465 0.62912554 0.0 0.61375123 0.6014196 0.610575 0.6063731 0.6033952 0.6056538 0.6128136 0.6010816 0.5929332 0.5999369 0.59522617 0.59477746 0.6017416 0.6004631 0.5997355 0.59416944 0.58700377 0.5853999 0.0 0.61605537 0.57343507 0.5221834 0.49796498 0.47239375
0.7805733 0.7819672 0.7809997 0.7742129 0.77123666 0.76705706 0.7708311 0.7712727 0.7712148 0.77406484 0.77382094 0.77942646 0.7878397 0.79956925 0.0 0.0 0.0 0.0 0.0 0.0 0.0 0.0 0.0 0.0 0.0 0.0 0.0 0.0 0.0 0.6646391 0.65867853 0.6358634 0.64455533 0.0 0.6356935 0.6068882 0.6107453 0.61190236 0.6181502 0.6159921 0.6135612 0.6100315 0.61838925 0.606048 0.5994531 0.59390706 0.59840643 0.60280883 0.6054837 0.603727 0.60411096 0.59205383 0.59597415 0.580043 0.5728781 0.5807856 0.5523279 0.5193235 0.49058014 0.46162838
0.78206974 0.78855586 0.7819039 0.77909935 0.78052104 0.7819331 0.7783409 0.77786833 0.77888936 0.77614886 0.7838098 0.78916264 0.0012241527 0.7932477 0.0 0.0 0.0 0.0 0.0 0.0 0.0 0.0 0.0 0.0 0.0 0.0 0.0 0.0 0.63751984 0.6498367 0.65448916 0.6230037 0.0 0.6185691 0.6120476 0.6234314 0.61713636 0.626713 0.61971676 0.6215602 0.61151993 0.61605525 0.62228525 0.6083192 0.5854672 0.5885479 0.5961669 0.6152742 0.60880625 0.6064175 0.6046527 0.60252684 0.58853304 0.5745542 0.5358974 0.5905169 0.53795964 0.51289046 0.47844762 0.45683372
