public/test_data/output.asc
ncols         112
nrows         112
xllcorner     112.0
yllcorner     2.75
cellsize      0.25
NODATA_value  -32767
[rows 0 to 25 of 112, columns 0 to 59 of 112]
0.0 0.0 0.0 0.0 0.0 0.0 0.0 0.0 0.004607655 0.0 0.0 0.00020774454 0.0 0.0 0.0 0.0 0.01031673 0.00042586774 0.0066150054 0.0061400086 0.00038535893 0.0013493225 0.0059421435 0.0061724037 0.002857156 0.005601682 0.0 0.0036474094 0.0 0.0 0.003503479 0.0026860535 0.00022359937 0.008623593 0.0012592375 0.008858375 0.0036587864 0.009198092 0.40515625 0.41394383 0.3924439 0.37193203 0.28482872 0.23546611 0.19528352 0.19579493 0.21651001 0.2263502 0.22103561 0.23571776 0.23109372 0.24017759 0.22695602 0.22736268 0.23389561 0.2389117 0.23334642 0.24327962 0.24636833 0.2715819
0.0 0.0 0.0 0.0 0.0 0.0 0.0 0.0 0.0 0.0 0.0 0.0 0.0 0.0 0.0 0.0 0.0 0.008032054 0.0 0.0 0.0 0.0034309477 0.0 0.0 0.0 0.0055572167 0.0 0.0 0.0 0.012297869 0.0 0.000999406 0.0 0.0028140247 0.0 0.003024809 0.40720415 0.4151252 0.39844275 0.39750493 0.35155326 0.33283567 0.27696538 0.22962539 0.19514664 0.22241159 0.22476877 0.24353634 0.23592444 0.2545225 0.26625526 0.26920128 0.2552064 0.24918489 0.24323358 0.24605753 0.2509212 0.25468296 0.26729804 0.2788784
0.0 0.0 0.0 0.0 0.0 0.0 0.01694315 0.0 0.02138123 0.0 0.0 0.0 0.0 0.0 0.0046504885 0.0 0.011441961 0.0052331015 0.0082592 0.0 0.0032273754 0.0 0.008456551 0.000932537 0.00487902 0.0 0.0 0.0 0.0014260411 0.0 0.0060529932 0.0 0.0 0.009411573 0.008462124 0.39551634 0.39221483 0.007195115 0.39635354 0.36154377 0.332483 0.3109557 0.00908567 0.2794885 0.21586059 0.21766992 0.23562713 0.24728288 0.2508288 0.26883078 0.27647394 0.28035945 0.2768252 0.2725156 0.26428616 0.26366174 0.25938433 0.27210903 0.28996897 0.31135446
0.0 0.0 0.0 0.0 0.0 0.0 0.0 0.0 0.0020872205 0.0 0.0 0.0 0.0 0.0 0.0 0.0 0.0 0.008941799 0.0 0.0 0.0 0.0 0.0 0.0019689351 0.0 0.0 0.0 0.0 0.0 0.0 0.0 0.0029013082 0.0 0.0044130534 0.0011777952 0.010701321 0.0028568357 0.012683086 0.0028620288 0.35972744 0.32561368 0.020560205 0.27849972 0.28405923 0.21235256 0.22483613 0.23307724 0.25726086 0.2623275 0.28091562 0.29190463 0.30364382 0.29697645 0.2910074 0.29436475 0.28577524 0.2886001 0.30988544 0.32737136 0.336137
0.0 0.0 0.0 0.0 0.0 0.0 0.0 0.0 0.0 0.0 0.0 0.0 0.0 0.0 0.0 0.0 0.0 0.0 0.0 0.0 0.0 0.0 0.0 0.0 0.0 0.0 0.0 0.0 0.0 0.0 0.0 0.0 0.0 0.0 0.0 0.0 0.0 0.0 0.0 0.00092806667 0.31706113 0.2993461 0.27872688 0.27078748 0.20811994 0.22961824 0.23279087 0.258182 0.2703119 0.2944252 0.3000691 0.3227738 0.3125319 0.32390952 0.3150534 0.3244624 0.3241043 0.34267217 0.3433193 0.34475648
0.0 0.0 0.0 0.0 0.0 0.0 0.0 0.0 0.0 0.005508229 0.0 0.0 0.0 0.011899121 0.0 0.0 0.0 0.03130968 0.0 0.012897208 0.0 0.017263636 0.0 0.015129469 0.0 0.023692705 0.0 0.014673263 0.0 0.021768183 0.0 0.0090509355 0.0 0.018094584 0.0 0.008876912 0.0 0.0086089 0.0 0.35722113 0.31562155 0.32381243 0.28429633 0.27451634 0.21341203 0.24466367 0.24161915 0.28020066 0.2945053 0.31809044 0.31411922 0.32767826 0.3269096 0.3411315 0.33639383 0.34621662 0.34742367 0.3638624 0.3566212 0.359994
0.0 0.0 0.0 0.0 0.0 0.0 0.0 0.0 0.0 0.0 0.0 0.0 0.0 0.0 0.0 0.0 0.0 0.010985762 0.0 0.0 0.0 0.0004915595 0.0 0.0 0.0 0.00874193 0.0 0.0 0.0 0.0082819685 0.0 0.0 0.0 0.011368543 0.0 0.0 0.0 0.0013543591 0.00041276217 0.0019171536 0.3316188 0.31769842 0.28079784 0.21896203 0.2063856 0.23944809 0.2524984 0.28433347 0.30033445 0.3191353 0.3242101 0.33778393 0.34163153 0.3520803 0.3510973 0.36421365 0.36871248 0.37306052 0.37475687 0.3908289
0.0 0.0 0.0 0.0 0.0 0.0 0.0 0.0 0.0 0.0 0.0 0.0 0.0 0.017698653 0.0 0.0 0.0 0.029863559 0.0 0.0 0.0 0.01758834 0.0 0.010413371 0.0 0.021579243 0.0 0.0042159334 0.0 0.021736361 0.0 0.004180819 0.0 0.018962204 0.0 0.00066690147 0.0 0.011413924 0.0 0.34351104 0.31912625 0.30963254 0.2701819 0.21157242 0.21065013 0.2489389 0.2636056 0.28579944 0.30188859 0.32393575 0.33412606 0.34715492 0.35744536 0.36597645 0.36483997 0.3791104 0.39033103 0.386195 0.3897401 0.4133913
0.0 0.0 0.0 0.0 0.0 0.0 0.0 0.0 0.0 0.0 0.0 0.0 0.0 0.0 0.0 0.0 0.0 0.0 0.0 0.0 0.0 0.0 0.0 0.0 0.0 0.0 0.0 0.0 0.0 0.0 0.0 0.0 0.0 0.0 0.0 0.0 0.0 0.0034652129 0.0 0.31911772 0.30317342 0.29328293 0.25328737 0.19298808 0.20573263 0.24701817 0.25154662 0.28538334 0.2988546 0.33117574 0.34119707 0.35809058 0.3503335 0.3597551 0.35940546 0.3864504 0.39021587 0.39124048 0.3898331 0.46416432
0.0 0.0 0.0 0.0 0.0 0.0 0.0 0.0 0.0 0.0 0.0 0.0 0.0 0.0 0.0 0.0 0.0 0.009512745 0.0 0.0005727634 0.0 0.0 0.0 0.0035224482 0.0 0.0047455207 0.0 0.0 0.0 0.007510625 0.0 0.00028971583 0.0 0.0003675595 0.0 0.0 0.0 0.013831668 0.0 0.3395756 0.30748963 0.30041778 0.21873252 0.21212421 0.22316249 0.24840702 0.26249093 0.2920524 0.29936606 0.33741134 0.35898733 0.3636735 0.35523552 0.3540854 0.36661357 0.38177234 0.3771881 0.38474512 0.4169522 0.5093343
0.0 0.0 0.0 0.0 0.0 0.0 0.0 0.0 0.0 0.0 0.0 0.0 0.0 0.0 0.0 0.0 0.0 9.6179545e-05 0.0 0.0 0.0 0.0041205436 0.0 0.0 0.0 0.0021663234 0.0 0.0 0.0 0.0 0.0 0.0 0.0 0.003119059 0.0 0.0 0.0 0.33667028 0.34174442 0.33319515 0.3049901 0.2840733 0.19713332 0.21461435 0.22727971 0.26300007 0.26840484 0.30150878 0.31446248 0.340971 0.35544252 0.37604648 0.37148088 0.36726928 0.3719825 0.38097662 0.3672185 0.40688103 0.42317486 0.573101
0.0 0.0 0.0 0.0 0.0 0.0 0.0 0.0 0.0 0.0 0.0 0.0 0.0 0.0 0.0 0.0 0.0 0.016868003 0.0 0.0 0.0 0.01281406 0.0 0.0005822405 0.0 0.00990162 0.0 0.0 0.0 0.002641894 0.0 0.0 0.0 0.005490534 0.0 0.0042605996 0.34743232 0.35228246 0.32397652 0.32761574 0.28892326 0.22718035 0.21703906 0.24906786 0.25655115 0.289667 0.29244602 0.31560248 0.3219962 0.34913462 0.36801374 0.38381314 0.38491434 0.38879466 0.38877362 0.38769454 0.39545834 0.44266838 0.55354124 0.686046
0.0 0.0 0.0 0.0 0.0 0.0 0.0 0.0 0.0 0.0 0.0 0.0 0.0 0.0 0.0 0.0 0.0 0.0 0.0 0.0 0.0 0.0016278252 0.0 0.0 0.0 0.0 0.0 0.0 0.0 0.0 0.0 0.0 0.0 0.0 0.0 0.38172072 0.3643332 0.35932344 0.31553924 0.31708765 0.25627166 0.22569554 0.23804437 0.27518338 0.28194755 0.30690247 0.31731308 0.33900756 0.34168452 0.36433697 0.3682822 0.39516962 0.39822882 0.41062605 0.4196384 0.44245464 0.4660716 0.5360998 0.66915596 0.78664136
0.0 0.0 0.0 0.0 0.0 0.0 0.0 0.0 0.0 0.0 0.0 0.0 0.0 0.0 0.0 0.010397971 0.0 0.0 0.0 0.015646085 0.0 0.0021398887 0.0 0.011152536 0.0 0.0 0.0 0.0037528872 0.0 0.0 0.0 0.003234826 0.0 0.005507663 0.0 0.39421868 0.3437159 0.34825295 0.30265027 0.2847709 0.22049268 0.25205606 0.2691971 0.30794472 0.31588697 0.3502105 0.35204858 0.36329466 0.37281013 0.38083822 0.38679916 0.4016931 0.41266006 0.46230352 0.5002997 0.54354835 0.60293907 0.6887742 0.7833029 0.87806016
0.0 0.0 0.0 0.0 0.0 0.0 0.0 0.0 0.0 0.0 0.0 0.0 0.0 0.0 0.0 0.0 0.0 0.007327132 0.0 0.0 0.0 0.005434595 0.0 0.0 0.0 0.0 0.0 0.0 0.0 0.0 0.0 0.0 0.0 0.008293301 0.0 0.3738293 0.34431678 0.32363164 0.2794119 0.26089382 0.24223806 0.27886122 0.30145556 0.34596294 0.36222148 0.36813867 0.36681056 0.39083368 0.3848759 0.40178388 0.4113009 0.41144884 0.41573572 0.48626155 0.53012973 0.59309036 0.6822844 0.78259027 0.8693518 0.9482076
0.0 0.0 0.0 0.0 0.0 0.0 0.0 0.0 0.0 0.0 0.0 0.0 0.0 0.014174409 0.0 0.0 0.0 0.019263417 0.0 0.0 0.0 0.021557167 0.0 0.0 0.0 0.0008771345 0.0 0.0 0.0 0.0020856336 0.0 0.0 0.0 0.42940855 0.39968467 0.36188912 0.3177529 0.31181127 0.28028917 0.26282704 0.26993084 0.31212997 0.32845986 0.37109125 0.40347832 0.41782892 0.42266232 0.42842227 0.43534613 0.46099752 0.48252243 0.4764399 0.45049834 0.5002047 0.5383269 0.61732495 0.75323355 0.85220045 0.92594945 0.9658102
0.0 0.0 0.0 0.0 0.0 0.0 0.0 0.0 0.0 0.0 0.0 0.0 0.0 0.0024766922 0.0 0.0 0.0 0.0 0.0 0.0 0.0 0.0 0.0 0.0 0.0 0.0 0.0 0.0 0.0 0.0 0.0 0.0076447874 0.0 0.42409903 0.395747 0.35416746 0.32460463 0.32490033 0.30481076 0.3059075 0.3040703 0.3340178 0.34621447 0.38283956 0.4089874 0.4413712 0.47739893 0.49548143 0.51070905 0.52564514 0.53884655 0.5402128 0.5100787 0.51741815 0.5814713 0.7021139 0.8249088 0.9019119 0.95281863 0.9734802
0.0 0.0 0.0 0.0 0.0 0.0 0.0 0.0 0.0 0.0 0.0 0.0 0.0 0.0 0.0 0.0026759356 0.0 0.0 0.0 0.0011303946 0.0 0.0 0.0 0.0 0.0 0.0 0.0 0.0 0.0 0.0 0.0 4.0270388e-05 0.43690145 0.4228632 0.38094085 0.36353225 0.3383376 0.33971703 0.33071047 0.34406656 0.3410825 0.3620466 0.38972205 0.43644196 0.4541483 0.4968148 0.5325172 0.52977794 0.5399388 0.56657815 0.5959969 0.5962863 0.58952814 0.59326786 0.6795993 0.77615166 0.8733087 0.931232 0.9656323 0.97412086
0.0 0.0 0.0 0.0 0.0 0.0 0.0 0.0 0.0 0.0 0.0 0.0 0.0 0.0010157526 0.0 0.0 0.0 0.003379345 0.0 0.0 0.0 0.0 0.0 0.0 0.0 0.0 0.0 0.0 0.0 0.0086067915 0.0 0.4594059 0.0 0.43358475 0.38670862 0.3745345 0.3607157 0.36488432 0.35612154 0.35676688 0.38405532 0.44548553 0.4889353 0.5421848 0.5712185 0.6027521 0.6159941 0.6273321 0.61223745 0.61958456 0.6401699 0.65108997 0.6596014 0.7000162 0.75662816 0.842943 0.9163635 0.95739233 0.9633882 0.98338985
0.0 0.0 0.0 0.0 0.0 0.0 0.0 0.0 0.0 0.0 0.0 0.0 0.0 0.005495332 0.0 0.0 0.0 0.0 0.0 0.0 0.0 0.0 0.0 0.0 0.0 0.0 0.0 0.0 0.0 0.0 0.0 0.470118 0.43990088 0.42408258 0.39660656 0.38465446 0.3764097 0.3741091 0.35299647 0.35379452 0.3978827 0.48829138 0.5592683 0.62718534 0.66424453 0.6927984 0.68427 0.68432117 0.68616825 0.68883264 0.6834611 0.7035065 0.7420601 0.79335725 0.8541116 0.9140589 0.95599234 0.9781432 0.96871185 0.95537126
0.0 0.0 0.0 0.0 0.0 0.0 0.0 0.0 0.0 0.0 0.0 0.0 0.0 0.0034772754 0.0 0.0 0.0 0.0 0.0 0.0 0.0 0.0 0.0 0.0 0.0 0.0 0.0 0.0 0.0 0.0 0.0 0.48675233 0.45847267 0.43811738 0.40808922 0.41115606 0.38810885 0.37043422 0.345909 0.3437667 0.3844809 0.48352957 0.58383864 0.68604606 0.7358435 0.76392716 0.76093316 0.74141365 0.7408128 0.75202817 0.7763382 0.7993381 0.83367133 0.8897107 0.9404124 0.9654733 1.0071694 0.9976238 0.9583119 0.9271755
0.0 0.0 0.0 0.0 0.0 0.0 0.0 0.0 0.0 0.0 0.0 0.0 0.0 0.0 0.0 0.0 0.0 0.0 0.0 0.0 0.0 0.0 0.0 0.0 0.0 0.0 0.0 0.0 0.0 0.51685447 0.0 0.5017404 0.47011024 0.45075577 0.4294706 0.4176429 0.38404632 0.35469168 0.32747293 0.32691956 0.33279687 0.41408116 0.5740458 0.7025716 0.77676624 0.8110504 0.8279951 0.82550997 0.83881485 0.8616798 0.884935 0.89921016 0.92554724 0.9605011 0.9912145 1.0172876 1.029958 1.003539 0.9625442 0.9161602
0.0 0.0 0.0 0.0 0.0 0.0 0.0 0.0 0.0 0.0 0.0 0.0 0.0 0.0 0.0 0.0 0.0 0.0 0.0 0.0 0.0 0.0 0.0 0.0 0.0 0.0 0.0 0.0 0.0 0.0 0.54000294 0.517145 0.48956734 0.48038715 0.45515698 0.43416834 0.39336324 0.35281962 0.31954503 0.325112 0.3408783 0.3804642 0.5547128 0.7178717 0.8086107 0.8458644 0.86641383 0.898843 0.9311893 0.95670533 0.975775 0.99044895 0.99244547 1.0030153 1.0287334 1.0241519 1.0343279 1.0043715 0.9808458 0.9588411
0.0 0.0 0.0 0.0 0.0 0.0 0.0 0.0 0.0 0.0 0.0 0.0 0.0 0.0 0.0 0.0 0.0 0.0 0.0 0.0 0.0 0.0 0.0 0.0 0.0 0.0 0.0 0.0 0.59998786 0.5765059 0.5365159 0.51854604 0.5023702 0.49028236 0.48162103 0.4375726 0.0 0.0 0.0 0.0 0.33527124 0.46630955 0.62541497 0.7598254 0.84648675 0.8743932 0.9104904 0.9550693 0.9968443 1.0229543 1.0440816 1.0402203 1.0418155 1.0346378 1.0426654 1.0273404 1.038978 1.0161767 1.003075 0.9944352
0.0 0.0 0.0 0.0 0.0 0.0 0.0 0.0 0.0 0.0 0.0 0.0 0.0 0.0 0.0 0.0 0.0 0.0 0.0 0.0 0.0 0.0 0.0 0.0 0.0 0.0 0.0 0.6224347 0.5997318 0.5686035 0.5525146 0.5403636 0.52428883 0.5198501 0.49230117 0.46240515 0.0 0.0 0.0 0.0 0.4504745 0.60648215 0.72171086 0.82892644 0.89161247 0.89813864 0.9346186 0.99254036 1.0177909 1.0265803 1.0460262 1.0506302 1.0473604 1.0358326 1.0380076 1.0431563 1.0551494 1.030164 1.0258931 1.0280552
0.0 0.0 0.0 0.0 0.0 0.0 0.0 0.00072745234 0.0 0.0 0.0 0.0 0.0 0.0 0.0 0.0 0.0 0.0 0.0 0.0 0.0 0.0 0.0 0.0 0.0 0.65281785 0.66284335 0.6171717 0.5997215 0.59031796 0.5679101 0.556212 0.5519409 0.5362339 0.5065446 0.0 0.0 0.0 0.0 0.0 0.5264601 0.6699601 0.7960065 0.89194065 0.9264529 0.9209193 0.96516323 1.0194488 1.0155299 1.0207393 1.0444975 1.0432632 1.0378243 1.0390463 1.0522125 1.0726035 1.0805274 1.0506494 1.0386639 1.0428979
