public/test_data/output.asc
ncols         112
nrows         112
xllcorner     112.0
yllcorner     2.75
cellsize      0.25
NODATA_value  -32767
[rows 26 to 51 of 112, columns 0 to 59 of 112]
0.0 0.0 0.0 0.0 0.0 0.0 0.0 0.0 0.0 0.0 0.0 0.0 0.0 0.0 0.0 0.0 0.0 0.0 0.0 0.0 0.0 0.0 0.0 0.0 0.0 0.6975742 0.6671038 0.6318897 0.6200645 0.6048925 0.597929 0.5876218 0.5728769 0.5561253 0.54214114 0.0 0.0 0.0 0.0 0.5458248 0.6401368 0.73374337 0.8400623 0.9287896 0.955539 0.9425913 0.9828813 1.0336896 1.0263873 1.0324724 1.0409389 1.0216539 1.0027162 1.0018256 1.0280398 1.0682982 1.0917906 1.0683197 1.0513554 1.0427345
0.0 0.0 0.0 0.0 0.0 0.0 0.0 0.0 0.0 0.0 0.0 0.0 0.0 0.0 0.0 0.0 0.0 0.0 0.0 0.0 0.0 0.0 0.0 0.7867754 0.7412929 0.70654154 0.6813749 0.6479471 0.6436748 0.62974876 0.6139682 0.61017865 0.6181854 0.6093372 0.0 0.0 0.0 0.0 0.005719453 0.6012993 0.67337507 0.766569 0.8475259 0.9278395 0.96280384 0.961553 0.9956554 1.0342381 1.0607964 1.0773845 1.0698533 1.0344771 1.0012107 0.991773 1.0280408 1.0428383 1.0636283 1.0577077 1.0484293 1.0374432
0.0 0.0 0.0 0.0 0.0 0.0 0.0 0.0 0.0 0.0 0.0 0.0019263178 0.0 0.0 0.0 0.0 0.0 0.0 0.0 0.0 0.0 0.0 0.81290394 0.7784886 0.7483224 0.7266578 0.6957853 0.6771236 0.6479889 0.65173775 0.62908405 0.6541572 0.65724885 0.66084164 0.0 0.0 0.0 0.0 0.0 0.61510944 0.6710629 0.7696565 0.8508847 0.92118824 0.9630841 0.9841517 1.0121222 1.0472142 1.0730189 1.1023098 1.1112809 1.0845304 1.0545417 1.0355916 1.0428431 1.0353724 1.0407382 1.0404077 1.0396595 1.026474
0.0 0.0 0.0 0.0 0.0 0.0 0.0 0.0 0.0 0.0 0.0 0.0 0.0 0.0 0.0 0.0 0.0 0.0 0.0 0.0 0.872211 0.82150733 0.79258853 0.7575949 0.7423202 0.7231095 0.71049976 0.6849287 0.6864413 0.659838 0.0 0.7053934 0.7039421 0.0 0.0 0.0 0.0 0.0 0.61122 0.62839276 0.6274759 0.77439547 0.8865996 0.9358064 0.9879422 1.0218823 1.047125 1.0655054 1.0893766 1.1144345 1.1410583 1.1341205 1.1182884 1.0958554 1.0795369 1.0502839 1.0358903 1.0318861 1.0363843 1.0165385
0.0 0.0 0.0 0.0 0.0 0.0 0.0 0.0 0.0 0.0 0.0 0.0 0.0 0.0 0.0 0.0 0.0 0.0 0.0 0.87877613 0.85787344 0.8148318 0.76501834 0.7335981 0.72327316 0.7197732 0.70906854 0.69677913 0.6928033 0.69243073 0.0 0.72999066 0.7409101 0.0 0.0 0.0 0.0 0.0 0.624339 0.69174343 0.71672624 0.81354225 0.920593 0.9609232 1.0027814 1.0375953 1.0571151 1.0758301 1.0973941 1.1164128 1.1297231 1.1466397 1.1544863 1.1322676 1.1048368 1.0633464 1.033047 1.029219 1.031554 1.0141078
0.0 0.0 0.0 0.0 0.0 0.0 0.0 0.0 0.0 0.0 0.0 0.0 0.0 0.0 0.0 0.0 0.0 0.0 0.0 0.856929 0.83632785 0.79731834 0.7663857 0.7269107 0.73411304 0.73545617 0.72112966 0.725589 0.7370011 0.73266125 0.73814917 0.7233222 0.76674074 0.0 0.0 0.0 0.0 0.0 0.66683495 0.7030032 0.78123444 0.87458694 0.95247746 0.9831412 1.0167195 1.0567734 1.0772568 1.0876745 1.110116 1.1231585 1.1429614 1.1457683 1.1649742 1.1594434 1.1322114 1.0833355 1.0349773 1.0326506 1.0400575 1.0140964
0.0 0.0 0.0 0.0 0.0 0.0 0.0 0.0 0.0 0.0 0.0 0.99994016 0.0 0.95403266 0.0 0.9228108 0.9142262 0.89820373 0.86486757 0.83761907 0.8125163 0.7860641 0.76787573 0.7487334 0.74227965 0.7599139 0.7612178 0.7461999 0.7383433 0.7319415 0.69733596 0.67550987 0.745677 0.0 0.0 0.0 0.0 0.65302104 0.70183986 0.6853227 0.80286616 0.91519165 0.95444083 0.99001193 1.0071759 1.0473835 1.0876374 1.1028817 1.1162467 1.1224886 1.132088 1.1343145 1.1534201 1.1559638 1.1353104 1.085224 1.0492301 1.0469984 1.0425992 1.0134214
0.0 0.0 0.0 0.0 0.0 0.0 0.0 1.0725913 0.0 0.0 1.0050303 0.9725735 0.96578324 0.9296248 0.9288838 0.8989561 0.8786155 0.8555052 0.8333358 0.8085028 0.79072315 0.7721414 0.7607943 0.7646537 0.78375655 0.78195125 0.77705663 0.7749316 0.77145725 0.75942284 0.7510371 0.7735331 0.8205656 0.805626 0.0 0.0 0.6324049 0.6652514 0.75534135 0.75429696 0.84673136 0.9298985 0.98143196 1.0043454 0.99664605 1.034233 1.0801402 1.1039991 1.118298 1.1161252 1.1201986 1.1379324 1.1325526 1.1257201 1.1118295 1.0786822 1.0728877 1.0662178 1.0545496 1.0081822
0.0 0.0 0.0 0.0 0.0 0.0 0.0 1.0430928 1.0141555 0.99262965 0.9679481 0.94706583 0.9203757 0.8993403 0.8767275 0.8448559 0.82104886 0.8050136 0.7928089 0.78086483 0.7727829 0.7595664 0.7428514 0.75302243 0.764259 0.7654801 0.7736994 0.7749712 0.79847646 0.8266645 0.8739894 0.9093807 0.9069966 0.8678785 0.7504065 0.0 0.6300209 0.65412897 0.7555455 0.7755293 0.86381525 0.931105 0.994678 1.013858 0.9941428 1.0096904 1.0654596 1.0909947 1.118273 1.1295701 1.1231676 1.1180062 1.1339024 1.1190472 1.1065595 1.0903463 1.0868175 1.0694039 1.046067 0.99434173
0.0 0.0 0.0 0.0 1.042388 1.0542911 1.0528411 1.033199 1.0081433 0.0 0.9612434 0.9176681 0.88603836 0.862433 0.8469327 0.8149076 0.7953846 0.7740354 0.76750463 0.7549966 0.74896634 0.7355902 0.7351787 0.73629117 0.747973 0.7400969 0.74193037 0.74843055 0.77189004 0.82132286 0.89462537 0.96260774 0.97358334 0.93278325 0.8249605 0.0 0.6481237 0.62424624 0.79800004 0.81152964 0.87861216 0.93730915 0.9986079 1.0135183 1.002349 1.0064094 1.059344 1.0883265 1.1091671 1.1244972 1.1158664 1.1135644 1.1241477 1.1175046 1.1118913 1.0969027 1.0932242 1.0687397 1.0371675 0.97412074
1.0676823 0.0 1.0514673 1.0713059 1.0581572 1.0503781 1.0260326 1.000725 0.9701195 0.9467976 0.9236859 0.8969846 0.867103 0.84344935 0.81838894 0.8075119 0.7795191 0.77329814 0.7572335 0.7324438 0.7167487 0.70138395 0.7155436 0.7120428 0.7037228 0.6806284 0.6803871 0.69460404 0.72155374 0.78714377 0.8690301 0.943951 0.9658047 0.960575 0.88827044 0.75606036 0.7101943 0.7422302 0.8271028 0.86302936 0.89222336 0.9324262 0.97306085 0.9926169 0.9883828 0.99840796 1.0428365 1.0758636 1.0917717 1.1045965 1.0926983 1.1016876 1.1009362 1.0966167 1.09553 1.0884813 1.0785099 1.0505545 1.0053014 0.9428154
1.0923059 1.0873073 1.0804678 1.0602366 1.027732 1.0122576 0.98559093 0.9658183 0.9529786 0.9301653 0.9164915 0.89499617 0.84182906 0.8216816 0.80280465 0.76567405 0.7476385 0.74784327 0.7294087 0.7262764 0.71408284 0.6945767 0.7019977 0.68259156 0.65912414 0.6231208 0.6234811 0.66008073 0.70394135 0.7424293 0.81190765 0.87499446 0.9141058 0.9374982 0.92691255 0.8966474 0.87956816 0.88447696 0.89160997 0.8914135 0.9190018 0.9077951 0.93450797 0.9665543 0.97742033 0.97032464 1.0202737 1.0583345 1.0765749 1.086325 1.0864706 1.0756663 1.0769067 1.0757996 1.0809046 1.0702045 1.0590556 1.015999 0.97422314 0.9203656
1.0750985 1.056881 1.0470657 1.024708 0.99113667 0.97789145 0.96036935 0.944625 0.93160033 0.91246986 0.89545846 0.87680024 0.8489175 0.82260495 0.79866207 0.7721288 0.7526984 0.7448666 0.74662864 0.742751 0.73737746 0.7159401 0.69776595 0.6524631 0.6082471 0.58590615 0.6029859 0.6325058 0.6665589 0.67408836 0.7011437 0.7642976 0.81083775 0.8628834 0.8967034 0.90862155 0.91441333 0.9298552 0.93708897 0.9180596 0.918524 0.907707 0.92751825 0.9478415 0.9340148 0.93718386 0.98732364 1.0293822 1.049262 1.0699408 1.0706309 1.0570965 1.0558562 1.05996 1.0627621 1.0534141 1.0330119 0.99299526 0.95691776 0.9266895
1.0603359 1.032659 1.0178946 1.0017978 0.9704032 0.96535397 0.94326067 0.9272096 0.9168519 0.90906835 0.8880394 0.8592562 0.8271792 0.7960343 0.7937013 0.7759429 0.76477104 0.7680181 0.76728815 0.7613076 0.7533481 0.72361 0.6774846 0.6182249 0.59391826 0.5889577 0.6143941 0.6208437 0.6133285 0.60856414 0.62421215 0.6493031 0.7003393 0.7832479 0.84704584 0.8870739 0.8995765 0.9107102 0.9093741 0.8929557 0.92787516 0.9385791 0.9486369 0.9414139 0.9234791 0.92452383 0.96139777 1.0073684 1.0243046 1.0391995 1.0465554 1.0346197 1.0406455 1.0461173 1.0615605 1.0546461 1.041709 1.0028008 0.9778346 0.9489088
1.0207961 0.9983481 0.99182534 0.975327 0.9625454 0.9337119 0.93157065 0.91435635 0.886612 0.87659717 0.8565753 0.83961046 0.8200138 0.80340815 0.7958115 0.7879452 0.77360845 0.77281934 0.76376724 0.75018203 0.74839044 0.69081825 0.6287292 0.5930352 0.6026897 0.59705347 0.6073973 0.5856409 0.550763 0.53222376 0.5639263 0.59225583 0.608063 0.6616656 0.7611724 0.8256351 0.86994416 0.9167527 0.9170165 0.8946492 0.9172145 0.9370321 0.95401394 0.93589723 0.90882635 0.915002 0.9400042 0.97967255 0.9950762 1.0086644 1.0253655 1.0262175 1.0339916 1.0328939 1.0388241 1.0400975 1.0505047 1.0402153 1.0289844 1.0123062
1.0062643 0.98124135 0.9570707 0.9505874 0.9319533 0.913193 0.900487 0.88567626 0.86545235 0.8549067 0.8445776 0.82648027 0.81273335 0.8015674 0.8034374 0.7974175 0.7966834 0.7877226 0.77590144 0.7554236 0.7215011 0.6334633 0.6021306 0.5916602 0.5914503 0.5909482 0.57967156 0.54481024 0.52294487 0.52232337 0.5449692 0.56230104 0.5783589 0.6106574 0.66382736 0.76074547 0.83927584 0.8787353 0.9242836 0.91126275 0.0 0.9430728 0.9571035 0.9486431 0.9246843 0.9247931 0.93435526 0.9573839 0.97431946 0.97832 0.9901215 0.9919764 1.002645 0.9987099 1.0114825 1.0151154 1.0454185 1.0428021 1.0519092 1.0435524
0.97824013 0.9464034 0.92932403 0.9076642 0.89078295 0.87044716 0.86037916 0.8549917 0.84363574 0.83532226 0.83050805 0.8189099 0.8081861 0.80199945 0.8030895 0.79701906 0.7963973 0.7935586 0.78554577 0.7448243 0.6671204 0.5923213 0.5905837 0.5763609 0.5732323 0.5493761 0.5495445 0.5320894 0.5290736 0.5338093 0.541246 0.5491387 0.55927294 0.57773393 0.6178879 0.67110944 0.77711207 0.8175844 0.8719309 0.9068869 0.9265933 0.9398955 0.9591017 0.96658146 0.9517721 0.93256783 0.926041 0.9237968 0.9147066 0.9311727 0.95722663 0.96027935 0.9673573 0.9710491 0.9904164 1.0091352 1.0349318 1.0441576 1.0601816 1.0670493
0.95848596 0.9254527 0.89904666 0.8741847 0.8612458 0.84231776 0.84185743 0.8400478 0.8313824 0.82373554 0.82975554 0.8174229 0.8152438 0.8124895 0.8211104 0.7973268 0.7871293 0.7835521 0.76575214 0.70704037 0.6385469 0.5761112 0.57843024 0.5450051 0.5407616 0.5288561 0.5334396 0.5124033 0.5183577 0.51521224 0.5236718 0.53149885 0.53890914 0.5575053 0.5939947 0.6330986 0.6988069 0.76711094 0.8005246 0.83824784 0.8741461 0.9128398 0.9596342 0.9781982 0.96928096 0.9473921 0.9228426 0.8897831 0.8626938 0.8696807 0.90664375 0.9213443 0.9444895 0.951772 0.9860748 1.0039037 1.0402668 1.0574348 1.0782859 1.0759813
0.9084972 0.87537163 0.85052025 0.83642083 0.8363515 0.82436496 0.8159631 0.8105619 0.80398697 0.8092475 0.814905 0.81600827 0.82246315 0.8119354 0.81580263 0.7938206 0.7729773 0.7503337 0.73158854 0.6716698 0.62087125 0.5794177 0.562829 0.52413887 0.5259829 0.5152234 0.5121383 0.49269563 0.49726826 0.4970914 0.50767875 0.51573575 0.52202415 0.549864 0.59329057 0.6236521 0.6144456 0.6460292 0.75065666 0.7689001 0.8203718 0.8695695 0.9185245 0.956457 0.96630967 0.9441056 0.90637803 0.8701164 0.8323358 0.83051234 0.85555035 0.88887846 0.9111465 0.9309386 0.9621296 0.99595904 1.0304769 1.0458038 1.0610845 1.0655339
0.87851477 0.8595589 0.84276325 0.8270775 0.8156386 0.8101025 0.8127053 0.81204623 0.8079119 0.8153349 0.8199167 0.8223959 0.82626075 0.8269981 0.82579124 0.79333967 0.761141 0.723185 0.70581245 0.6527865 0.618631 0.572835 0.54016703 0.5026236 0.50789076 0.50374913 0.49533224 0.48073906 0.49350005 0.49535704 0.50562656 0.51246023 0.53164756 0.5648716 0.6036307 0.6213926 0.60753 0.57658875 0.65289253 0.73237455 0.7940871 0.8397 0.87137216 0.90969586 0.91584086 0.9195007 0.89790106 0.8540323 0.8189803 0.80743635 0.8358208 0.8578596 0.88039595 0.90728986 0.9463419 0.97349465 1.0100851 1.0188886 1.0392772 1.0320154
0.8504056 0.8447601 0.8338634 0.8117213 0.8038207 0.79387647 0.80164534 0.8053313 0.81120086 0.8155089 0.82741964 0.83094203 0.84528834 0.8277363 0.82657397 0.78389984 0.7392294 0.6909549 0.674223 0.63675565 0.6042042 0.54971373 0.5222483 0.49113578 0.4944356 0.49734837 0.48653477 0.47713333 0.4783488 0.47325265 0.4918682 0.50204843 0.5284786 0.5535705 0.5836463 0.60750765 0.59304273 0.5595955 0.6004548 0.6230942 0.740906 0.8010989 0.83875495 0.8729024 0.899002 0.8955365 0.87654895 0.8484348 0.81133854 0.8000716 0.81709105 0.8322805 0.8460725 0.8691777 0.9024517 0.9323461 0.96296275 0.9778229 0.99190736 0.9927099
0.8324086 0.82162386 0.8057699 0.794482 0.7875328 0.7951253 0.7993691 0.8042107 0.80454737 0.8210397 0.8381618 0.8430417 0.8478773 0.8352275 0.81323415 0.76549315 0.7273615 0.6643043 0.65333253 0.6106051 0.5862606 0.5427141 0.52445513 0.4980625 0.5001919 0.4861191 0.47838134 0.4523934 0.45472008 0.46198893 0.48531914 0.5008852 0.52575827 0.535721 0.5377359 0.56812626 0.58149326 0.5464304 0.5751319 0.5889803 0.6872566 0.73350304 0.79514855 0.832889 0.8642405 0.8643409 0.8661642 0.8441674 0.82364476 0.81096077 0.8168688 0.80879533 0.82161725 0.8372734 0.870189 0.8883015 0.9191034 0.9247652 0.9395822 0.93653667
0.79850537 0.79140365 0.7789874 0.77307576 0.76666766 0.76963645 0.7791587 0.78577185 0.80226886 0.8089732 0.8283006 0.8276636 0.82908416 0.80882144 0.7806732 0.73944587 0.7042441 0.6592669 0.6342479 0.5930358 0.5492277 0.5302984 0.5191703 0.50108916 0.4977035 0.4757046 0.45145303 0.43494618 0.4457087 0.4685908 0.501817 0.51204306 0.5087293 0.5049425 0.4979474 0.47524375 0.47568876 0.51136416 0.5435344 0.5537608 0.54523367 0.6291632 0.74932265 0.80516183 0.8363241 0.83643675 0.84430057 0.83730423 0.82886106 0.8179972 0.81216884 0.80183786 0.79929423 0.81027967 0.8300792 0.8447942 0.8591447 0.86279416 0.8725174 0.8781552
0.768009 0.7678996 0.7566258 0.7558332 0.7474017 0.75371397 0.7601133 0.77726966 0.7867726 0.78871304 0.80471087 0.79608196 0.7954145 0.7679258 0.75013417 0.70663077 0.6802692 0.6370476 0.61311847 0.56878084 0.54125625 0.5133548 0.5150843 0.4955495 0.4853559 0.45361668 0.42898387 0.41861206 0.4512456 0.4738024 0.50675863 0.51432776 0.50114346 0.49083132 0.4882245 0.0 0.0 0.0 0.49590677 0.49749714 0.47685945 0.5111645 0.70424616 0.7844428 0.81184477 0.81835985 0.82621294 0.8265949 0.82984847 0.82450134 0.82049173 0.80735016 0.7962852 0.79882556 0.81430274 0.8209916 0.8247604 0.81248724 0.8139893 0.80844325
0.7498629 0.7545932 0.74979705 0.74883586 0.7330077 0.7295359 0.7320394 0.75262874 0.7640889 0.76488835 0.7703872 0.75714356 0.74318177 0.71831113 0.69708174 0.66594595 0.64112395 0.60314626 0.5744542 0.5384365 0.5128123 0.49868953 0.49739307 0.47756076 0.45446277 0.41867435 0.4079668 0.41936588 0.4536382 0.47997653 0.5079748 0.51600677 0.5070637 0.5014051 0.5402021 0.0 0.0 0.0 0.0 0.0 0.0 0.0 0.70937866 0.7773404 0.79806066 0.81220424 0.8137518 0.8209206 0.8247605 0.8259797 0.82406706 0.81225365 0.8057849 0.7977627 0.8041397 0.8090059 0.80629456 0.7909396 0.78339225 0.77561414
0.7448501 0.7437044 0.74358857 0.7401261 0.723308 0.7176837 0.7221805 0.7298728 0.73858273 0.7379583 0.73865867 0.71593416 0.70425564 0.6672877 0.6597533 0.6240196 0.61162317 0.5791372 0.559613 0.5155242 0.49108958 0.46892846 0.46575946 0.43506938 0.42656004 0.40530008 0.41043496 0.41603297 0.45240825 0.4793412 0.5076294 0.52325004 0.52456844 0.5492265 0.5796864 0.0 0.0 0.0 0.0 0.0 0.0 0.7003972 0.7185886 0.7721909 0.8039854 0.802184 0.80311346 0.8082147 0.8154765 0.8273947 0.8358529 0.827304 0.82081854 0.81163895 0.8172227 0.80912745 0.81135 0.7972936 0.78832 0.76456267
