public/test_data/wave-2024-07-12T11-00-00.asc
ncols         120
nrows         120
xllcorner     110.0
yllcorner     3.0
cellsize      0.25
NODATA_value  0.0
[rows 84 to 111 of 120, columns 0 to 62 of 120]
0.507039 0.453385 0.474152 0.518342 0.549821 0.565850 0.588063 0.602506 0.622391 0.641012 0.650643 0.653855 0.657575 0.656635 0.659861 0.663732 0.669762 0.672804 0.680020 0.680744 0.678083 0.673898 0.668403 0.664943 0.667318 0.674474 0.680334 0.679177 0.680260 0.683381 0.685358 0.682630 0.679033 0.672193 0.664412 0.659825 0.655434 0.651453 0.650612 0.650315 0.651139 0.655432 0.654894 0.655566 0.657143 0.658568 0.656145 0.655645 0.652305 0.656242 0.657840 0.658958 0.659755 0.656181 0.656809 0.660311 0.659694 0.662838 0.665600 0.674230 0.683408 0.704397 0.727270
0.470371 0.394183 0.434880 0.520953 0.564171 0.584643 0.590801 0.598467 0.604486 0.611285 0.630053 0.641216 0.651389 0.658811 0.665236 0.666833 0.666439 0.666752 0.673897 0.679554 0.677992 0.673056 0.670669 0.668475 0.671424 0.675720 0.677749 0.677097 0.678676 0.677733 0.679357 0.675272 0.669813 0.659618 0.653151 0.645397 0.644190 0.646741 0.648747 0.649846 0.651083 0.653365 0.650440 0.650018 0.651344 0.649219 0.647733 0.649575 0.658418 0.654497 0.655721 0.658848 0.660963 0.658233 0.659333 0.658689 0.658981 0.657877 0.661390 0.664908 0.680713 0.704542 0.728859
0.482899 0.464026 0.502895 0.579369 0.598466 0.610099 0.622326 0.626381 0.623383 0.622626 0.618972 0.624284 0.637658 0.650027 0.664884 0.672764 0.673590 0.671118 0.675924 0.680833 0.680699 0.677414 0.675081 0.673054 0.674296 0.675386 0.676407 0.677407 0.678259 0.678168 0.674437 0.668821 0.659594 0.646755 0.638717 0.636454 0.638494 0.645760 0.650728 0.651849 0.655677 0.654653 0.648244 0.646697 0.645563 0.642566 0.643173 0.647840 0.657438 0.659603 0.659137 0.663449 0.671355 0.667031 0.661441 0.662080 0.662481 0.662778 0.659031 0.659841 0.665605 0.692171 0.732742
0.551205 0.534080 0.573718 0.639335 0.648324 0.661810 0.661582 0.655915 0.648659 0.636966 0.631493 0.620571 0.626542 0.638741 0.655639 0.671458 0.678868 0.676619 0.676742 0.680284 0.683997 0.680031 0.675417 0.672337 0.675354 0.675424 0.675386 0.674696 0.678152 0.672884 0.669241 0.658388 0.648185 0.634499 0.632068 0.634100 0.639058 0.644513 0.653172 0.652271 0.654866 0.654605 0.651014 0.646868 0.648149 0.644395 0.645658 0.649643 0.657685 0.657297 0.656694 0.655840 0.661760 0.661924 0.666851 0.669177 0.664925 0.664273 0.659199 0.658538 0.669430 0.674620 0.712691
0.618861 0.608338 0.658718 0.699186 0.705929 0.715026 0.716847 0.706472 0.684074 0.664907 0.644358 0.635365 0.631521 0.633577 0.650098 0.666499 0.681815 0.681773 0.679898 0.680827 0.684640 0.683668 0.679540 0.676148 0.676698 0.676332 0.673514 0.671286 0.676220 0.667813 0.658895 0.648238 0.639277 0.632630 0.631626 0.634688 0.638456 0.644760 0.653113 0.656309 0.655722 0.654686 0.647395 0.645558 0.653513 0.655452 0.656638 0.657273 0.659312 0.654680 0.655231 0.651521 0.652471 0.655114 0.667023 0.663458 0.662703 0.665769 0.660162 0.660427 0.669516 0.674965 0.658787
0.690965 0.677546 0.717231 0.750290 0.750432 0.760527 0.757636 0.748024 0.726314 0.702801 0.677036 0.653089 0.645467 0.636323 0.646535 0.662569 0.679268 0.683140 0.683805 0.683562 0.686036 0.683086 0.681871 0.677156 0.675354 0.671489 0.670916 0.667878 0.664666 0.658523 0.650627 0.640193 0.633618 0.629529 0.633534 0.636184 0.636812 0.643062 0.651672 0.655125 0.655242 0.652764 0.649280 0.651958 0.659083 0.660118 0.663305 0.661219 0.654958 0.658602 0.649842 0.639704 0.647189 0.657094 0.667456 0.660589 0.665959 0.668170 0.666172 0.660084 0.675472 0.675932 0.663015
0.746578 0.733006 0.774869 0.800471 0.792610 0.798528 0.798927 0.783584 0.760037 0.741533 0.715026 0.686520 0.664167 0.649894 0.646357 0.660403 0.679117 0.683568 0.684044 0.684513 0.684944 0.684227 0.680977 0.674105 0.669876 0.666771 0.664222 0.660787 0.655629 0.651484 0.640902 0.632927 0.628205 0.629064 0.636625 0.639181 0.639943 0.646327 0.653611 0.657145 0.657393 0.655373 0.653021 0.656833 0.658978 0.659984 0.662277 0.661867 0.651304 0.650206 0.659470 0.652243 0.661698 0.659186 0.664054 0.659090 0.665701 0.665674 0.664233 0.662421 0.664256 0.675006 0.645976
0.806826 0.790155 0.818802 0.844145 0.832854 0.841226 0.839739 0.820027 0.791559 0.765694 0.741921 0.713398 0.688215 0.664637 0.651974 0.658383 0.676581 0.681626 0.683925 0.682299 0.684364 0.681056 0.676190 0.668184 0.666021 0.662246 0.659396 0.651969 0.648761 0.640413 0.632286 0.624995 0.623816 0.627750 0.636443 0.636907 0.643594 0.649715 0.653815 0.650478 0.654975 0.652224 0.653272 0.652037 0.654979 0.654769 0.657949 0.658321 0.655501 0.653106 0.658043 0.667390 0.672106 0.664814 0.660007 0.659412 0.664130 0.667110 0.669631 0.662696 0.660266 0.663303 0.650970
0.844667 0.835968 0.857468 0.868102 0.855328 0.861563 0.865321 0.846043 0.818720 0.790515 0.763954 0.737361 0.713901 0.684906 0.663907 0.662049 0.676565 0.682590 0.684113 0.682579 0.681212 0.677093 0.669458 0.663448 0.661999 0.658727 0.654408 0.646264 0.639816 0.632164 0.624903 0.619911 0.623072 0.629218 0.636508 0.641660 0.647533 0.649931 0.648348 0.646771 0.650221 0.650725 0.651118 0.650974 0.654377 0.654263 0.655094 0.658971 0.659223 0.655485 0.658004 0.663534 0.663386 0.658854 0.657555 0.659527 0.659698 0.662604 0.666157 0.658913 0.657668 0.654584 0.628647
0.860619 0.851281 0.866177 0.880457 0.874548 0.881264 0.878791 0.858013 0.828523 0.798039 0.771157 0.747986 0.735415 0.700250 0.678414 0.666418 0.673698 0.678746 0.679811 0.677316 0.675434 0.670150 0.664131 0.659005 0.657091 0.652539 0.647810 0.638615 0.631679 0.624865 0.621278 0.619660 0.626273 0.631026 0.636891 0.647852 0.649313 0.649828 0.651188 0.645571 0.648675 0.647779 0.649020 0.651190 0.654923 0.656260 0.656447 0.662428 0.664480 0.658821 0.657406 0.658086 0.659220 0.653969 0.657627 0.655354 0.654513 0.652738 0.655859 0.652622 0.653698 0.657734 0.680071
0.862784 0.852606 0.862844 0.872459 0.867712 0.871469 0.873151 0.854239 0.825687 0.800527 0.776998 0.742951 0.721600 0.715559 0.690914 0.674455 0.675070 0.679211 0.676688 0.670821 0.668902 0.665725 0.660087 0.655779 0.653040 0.648028 0.640932 0.633624 0.626932 0.621163 0.618128 0.620399 0.627728 0.631696 0.642798 0.647114 0.652330 0.659741 0.663234 0.660515 0.655504 0.654572 0.653905 0.654917 0.657839 0.660532 0.664140 0.668174 0.667827 0.661429 0.652389 0.653507 0.654578 0.656193 0.654588 0.652442 0.652267 0.652613 0.647120 0.642459 0.649252 0.660042 0.677346
0.856698 0.838974 0.843041 0.856254 0.857924 0.866768 0.859786 0.833876 0.810893 0.789502 0.772979 0.753066 0.734659 0.720605 0.702882 0.679477 0.677375 0.675764 0.669890 0.663900 0.663308 0.659246 0.656025 0.650564 0.648495 0.642160 0.634866 0.626953 0.622338 0.616834 0.621724 0.626516 0.634852 0.639091 0.644744 0.643955 0.653632 0.661180 0.667142 0.665225 0.660469 0.657232 0.659737 0.661257 0.666610 0.668308 0.672370 0.670231 0.668137 0.662543 0.654086 0.650665 0.652306 0.652178 0.650845 0.648749 0.644244 0.641699 0.643967 0.644947 0.654118 0.661249 0.664574
0.843419 0.825332 0.825513 0.823533 0.824796 0.832057 0.835098 0.811933 0.794902 0.778001 0.736273 0.719275 0.728567 0.719689 0.701717 0.685272 0.681946 0.673154 0.668056 0.662531 0.660619 0.655904 0.651286 0.646549 0.643063 0.637570 0.631682 0.626554 0.623715 0.621930 0.625674 0.631730 0.640220 0.645706 0.650324 0.657905 0.667549 0.672281 0.671675 0.669100 0.666723 0.667913 0.669231 0.671570 0.675468 0.675955 0.674743 0.674774 0.670288 0.663367 0.650352 0.641442 0.642309 0.645070 0.647180 0.646290 0.641461 0.640771 0.642433 0.659194 0.665983 0.666916 0.672503
0.808881 0.793663 0.789470 0.797491 0.807988 0.820942 0.821858 0.804050 0.777190 0.757340 0.709575 0.686019 0.711187 0.711058 0.698968 0.684649 0.674415 0.668290 0.661385 0.656770 0.654665 0.649512 0.646136 0.641276 0.637748 0.631813 0.628959 0.626480 0.625969 0.621999 0.625686 0.633561 0.643717 0.652468 0.659612 0.669212 0.677198 0.681379 0.682010 0.673368 0.668189 0.666378 0.671332 0.673994 0.676263 0.671644 0.673934 0.671688 0.665655 0.653121 0.639220 0.629762 0.640496 0.649365 0.652393 0.648642 0.642890 0.639427 0.648936 0.657753 0.661201 0.660511 0.677068
0.769478 0.735463 0.739337 0.753833 0.766049 0.779945 0.792235 0.785109 0.770884 0.750841 0.722032 0.703809 0.706951 0.700472 0.690287 0.677906 0.672623 0.661948 0.654362 0.651133 0.649754 0.646465 0.642882 0.638348 0.632104 0.622342 0.615296 0.617082 0.625402 0.620580 0.625695 0.633782 0.645898 0.647218 0.656019 0.671961 0.684303 0.691224 0.691599 0.687136 0.677969 0.671642 0.677017 0.678981 0.672482 0.664036 0.660724 0.657780 0.651109 0.640884 0.630971 0.635208 0.645183 0.651301 0.651538 0.652831 0.649378 0.657782 0.661240 0.658444 0.657000 0.654688 0.665066
0.745251 0.715091 0.708648 0.721453 0.723949 0.738599 0.752573 0.751125 0.747408 0.736879 0.719179 0.699585 0.686630 0.679821 0.677687 0.667800 0.664818 0.654647 0.649290 0.646329 0.645041 0.641857 0.639785 0.634337 0.627776 0.615640 0.611803 0.618173 0.629101 0.629683 0.629300 0.633945 0.642941 0.649167 0.658972 0.675244 0.692869 0.699615 0.701421 0.697500 0.694588 0.687720 0.684504 0.678137 0.665699 0.644952 0.641128 0.638621 0.638889 0.635311 0.639290 0.642901 0.645872 0.645005 0.646421 0.646586 0.644507 0.655487 0.652348 0.649476 0.650808 0.649365 0.654244
0.729914 0.706862 0.703067 0.709441 0.699140 0.698812 0.722383 0.726925 0.726299 0.718339 0.702666 0.682633 0.675327 0.670854 0.667303 0.662781 0.661794 0.653518 0.646478 0.640477 0.638476 0.637320 0.635006 0.629804 0.624853 0.617374 0.614662 0.626305 0.630232 0.625808 0.628187 0.630479 0.642620 0.653599 0.666116 0.683315 0.698720 0.707615 0.709733 0.707499 0.704560 0.697534 0.687707 0.676588 0.663336 0.649165 0.642646 0.639959 0.640853 0.642051 0.638776 0.638343 0.640556 0.640749 0.642699 0.640026 0.644302 0.649371 0.646894 0.645784 0.646906 0.645137 0.643275
0.717071 0.707081 0.695832 0.708854 0.711842 0.722557 0.727285 0.719394 0.705367 0.693028 0.681274 0.669520 0.663524 0.656437 0.654190 0.654087 0.660557 0.651034 0.643501 0.635485 0.633404 0.631504 0.631158 0.625993 0.621885 0.616412 0.622414 0.627052 0.621299 0.619217 0.628041 0.629465 0.642712 0.651568 0.668442 0.685870 0.700896 0.708474 0.712051 0.710423 0.706809 0.698184 0.686711 0.669630 0.657598 0.650607 0.647824 0.642635 0.640927 0.636458 0.632147 0.630409 0.636031 0.637163 0.638434 0.636395 0.635910 0.640382 0.640886 0.639824 0.641203 0.640093 0.637593
0.709703 0.702546 0.695434 0.705802 0.706691 0.710149 0.711275 0.700431 0.691416 0.682444 0.673878 0.663646 0.656528 0.649536 0.647826 0.646318 0.646584 0.641982 0.635348 0.630049 0.630297 0.632648 0.632053 0.626007 0.616331 0.613456 0.619882 0.625388 0.628819 0.627962 0.629818 0.635755 0.644156 0.654951 0.669160 0.687002 0.700439 0.708532 0.712051 0.710554 0.705785 0.696676 0.683217 0.666817 0.656977 0.653110 0.648885 0.643424 0.642030 0.637064 0.631455 0.632796 0.633861 0.635448 0.634193 0.632836 0.635270 0.634731 0.635169 0.634802 0.635434 0.635734 0.634061
0.717220 0.710650 0.699306 0.701262 0.703010 0.707952 0.701025 0.688079 0.679554 0.672001 0.665654 0.653305 0.647163 0.642761 0.644970 0.645794 0.646430 0.638729 0.632606 0.626500 0.629229 0.626397 0.627992 0.626062 0.624052 0.618361 0.622199 0.632143 0.650804 0.615221 0.627426 0.632657 0.645005 0.655524 0.668207 0.683861 0.697331 0.702144 0.706343 0.703153 0.698986 0.689171 0.679001 0.666306 0.659817 0.653582 0.649332 0.642640 0.640482 0.630849 0.631051 0.628927 0.631586 0.631607 0.635183 0.632547 0.636294 0.634312 0.634787 0.630892 0.631926 0.629656 0.629098
0.716308 0.699943 0.684085 0.680351 0.684446 0.688291 0.689087 0.678088 0.670942 0.665147 0.659920 0.649599 0.644597 0.640261 0.642861 0.642765 0.641449 0.635834 0.631185 0.625823 0.623017 0.611418 0.614248 0.622613 0.628125 0.627081 0.632921 0.639869 0.652273 0.607326 0.626955 0.638305 0.647326 0.656021 0.669649 0.681359 0.691617 0.696569 0.697262 0.694081 0.689016 0.681356 0.673740 0.665660 0.659167 0.651968 0.648237 0.643488 0.631491 0.627269 0.627643 0.629563 0.631986 0.634668 0.635071 0.632135 0.633220 0.631606 0.632168 0.632044 0.632698 0.630745 0.629649
0.708142 0.695489 0.673253 0.677248 0.681889 0.686047 0.683924 0.673024 0.662856 0.656457 0.653691 0.646086 0.642356 0.638285 0.641104 0.639557 0.635585 0.630517 0.629674 0.624197 0.619002 0.606705 0.608399 0.619101 0.629473 0.639598 0.648298 0.645238 0.652206 0.622051 0.634076 0.644123 0.650859 0.653291 0.665039 0.672790 0.682508 0.684296 0.685364 0.681044 0.678489 0.672757 0.668233 0.660483 0.654026 0.644989 0.644846 0.641156 0.635284 0.624918 0.625370 0.628247 0.629819 0.631524 0.633513 0.632079 0.629077 0.627209 0.629177 0.628454 0.627456 0.624027 0.625094
0.693745 0.682859 0.665339 0.671219 0.674473 0.675216 0.675360 0.666686 0.659636 0.656066 0.651720 0.645646 0.643521 0.638328 0.638213 0.635148 0.632749 0.630497 0.627771 0.622615 0.616021 0.612810 0.613912 0.622268 0.639255 0.645599 0.656639 0.653884 0.653556 0.653020 0.648142 0.656992 0.656512 0.655314 0.657580 0.664022 0.670722 0.673709 0.673699 0.671919 0.670187 0.664232 0.657713 0.651514 0.648099 0.641342 0.640655 0.634912 0.630018 0.626864 0.627838 0.624174 0.624314 0.629077 0.632589 0.631365 0.625582 0.621628 0.620758 0.620147 0.619305 0.620557 0.622206
0.694938 0.683411 0.662498 0.671396 0.669788 0.671924 0.667685 0.656582 0.649374 0.644751 0.643016 0.637847 0.638253 0.633586 0.633530 0.629345 0.628706 0.627744 0.625573 0.617570 0.614341 0.618851 0.624973 0.636747 0.647434 0.654563 0.658973 0.661318 0.666518 0.667190 0.671274 0.671892 0.660886 0.657444 0.655264 0.653978 0.657687 0.656812 0.657253 0.654049 0.653429 0.648185 0.645226 0.641125 0.643300 0.640333 0.639521 0.633209 0.621728 0.625342 0.626702 0.621451 0.623735 0.628440 0.632492 0.627958 0.622833 0.610985 0.611421 0.610113 0.615516 0.615862 0.619082
0.690568 0.680570 0.665943 0.664386 0.663298 0.662059 0.659950 0.650222 0.644579 0.641639 0.639555 0.636172 0.635603 0.631510 0.632492 0.628533 0.627557 0.624589 0.623167 0.619514 0.621903 0.631616 0.633660 0.644385 0.654187 0.660911 0.664487 0.667985 0.671259 0.674874 0.677523 0.678015 0.671419 0.661768 0.660309 0.654810 0.653480 0.650626 0.646970 0.643339 0.644915 0.644339 0.641666 0.640234 0.642554 0.638022 0.630154 0.620838 0.623766 0.624978 0.625499 0.626581 0.625256 0.626100 0.629176 0.627696 0.621159 0.609693 0.605989 0.606037 0.610385 0.610496 0.605345
0.688240 0.687751 0.664666 0.666712 0.659849 0.658752 0.655371 0.645900 0.637935 0.631948 0.633501 0.629969 0.628077 0.624153 0.625361 0.622140 0.622628 0.618032 0.620193 0.624986 0.629736 0.628172 0.638125 0.641872 0.651583 0.653254 0.659229 0.661644 0.664856 0.667334 0.671164 0.667330 0.677015 0.670406 0.658632 0.654890 0.651555 0.643269 0.637305 0.632585 0.634888 0.635904 0.636980 0.634321 0.628487 0.622613 0.630853 0.626878 0.624604 0.624270 0.630146 0.627865 0.622574 0.620798 0.625162 0.618601 0.619338 0.613191 0.605036 0.602381 0.600081 0.605296 0.586244
0.687702 0.684307 0.665991 0.662450 0.657652 0.652392 0.650069 0.642582 0.636950 0.632874 0.630769 0.628294 0.626745 0.624124 0.621364 0.618902 0.618015 0.616778 0.624838 0.632441 0.635579 0.635872 0.648816 0.648984 0.646913 0.649265 0.652183 0.656678 0.659450 0.662453 0.664863 0.663701 0.660691 0.660056 0.646818 0.652205 0.653524 0.644310 0.630746 0.626626 0.627888 0.630852 0.626244 0.624449 0.613112 0.621186 0.626064 0.628304 0.630636 0.631181 0.632456 0.628271 0.624051 0.620401 0.620448 0.623324 0.621498 0.619581 0.612795 0.603788 0.599913 0.596138 0.582713
0.692645 0.689556 0.664712 0.664750 0.651989 0.647884 0.641681 0.631563 0.623182 0.615543 0.615438 0.610219 0.611484 0.609385 0.606133 0.601378 0.604423 0.610119 0.616935 0.617518 0.622026 0.638861 0.643924 0.637185 0.636417 0.633787 0.635963 0.637634 0.641564 0.643671 0.648511 0.645804 0.636368 0.636724 0.629374 0.631924 0.631520 0.625954 0.620824 0.614595 0.617437 0.615207 0.613310 0.604347 0.611349 0.613096 0.616497 0.621391 0.625166 0.620849 0.618361 0.610911 0.613414 0.618705 0.619445 0.617504 0.614234 0.612881 0.594804 0.590456 0.587383 0.581221 0.579803
