public/test_data/wave-2024-07-12T11-00-00.asc
ncols         120
nrows         120
xllcorner     110.0
yllcorner     3.0
cellsize      0.25
NODATA_value  0.0
[rows 0 to 27 of 120, columns 0 to 62 of 120]
0.001550 -0.006854 -0.009435 -0.009245 -0.006591 -0.007408 -0.005058 -0.006206 -0.004175 -0.004453 -0.004062 -0.005251 -0.004210 -0.003813 -0.004465 -0.005267 -0.004644 -0.004255 -0.004883 -0.005638 -0.005024 -0.004747 -0.005225 -0.005906 -0.005278 -0.004810 -0.005334 -0.005451 -0.004694 -0.003762 -0.004558 -0.003778 -0.003005 -0.001481 -0.002144 -0.001655 0.000191 0.001816 0.002738 0.001687 0.005047 0.002766 0.001481 0.001593 0.017126 0.009764 0.012109 0.016549 0.016537 0.029559 0.016197 0.024316 0.022576 0.029460 0.020534 0.022017 0.018680 0.023840 0.012939 0.015934 0.011260 0.017111 0.005930
-0.007844 -0.000115 -0.002394 -0.000994 -0.000788 -0.001608 -0.000226 -0.000097 0.000056 -0.000208 -0.000476 -0.000496 -0.001210 -0.000967 -0.001468 -0.001112 -0.001951 -0.001576 -0.002096 -0.001674 -0.002491 -0.002123 -0.002532 -0.002137 -0.002841 -0.002518 -0.002730 -0.002403 -0.002902 -0.002670 -0.002585 -0.002402 -0.002672 -0.002673 -0.002447 -0.002341 -0.002129 -0.001797 -0.001185 -0.001587 -0.001464 -0.003308 -0.003215 0.013714 -0.002590 -0.004845 -0.003861 -0.004086 -0.002669 -0.003453 -0.000498 -0.000881 0.003147 -0.001843 0.003593 -0.001493 0.001167 -0.002638 -0.001199 -0.003116 -0.002563 -0.004948 -0.003736
-0.005872 0.004799 0.001215 -0.000884 -0.000069 -0.001730 -0.000524 -0.000830 -0.000167 -0.000706 -0.000831 -0.001692 -0.001081 -0.001416 -0.001639 -0.002224 -0.001584 -0.001769 -0.002108 -0.002593 -0.001967 -0.002041 -0.002481 -0.002832 -0.002261 -0.002185 -0.002680 -0.002892 -0.002280 -0.002079 -0.002541 -0.002721 -0.002136 -0.002087 -0.002504 -0.002706 -0.001712 -0.001060 -0.001684 -0.002273 -0.002963 -0.002956 0.044529 -0.004461 -0.003346 -0.001559 -0.005569 -0.006589 -0.005467 -0.002389 -0.003029 -0.001746 -0.001187 0.000267 -0.001259 -0.001281 -0.001410 -0.000854 -0.002539 -0.002612 -0.003168 -0.003282 -0.005291
-0.001658 -0.000006 -0.002069 -0.002560 -0.002629 -0.002567 -0.001314 -0.001157 -0.001349 -0.000928 -0.001472 -0.001069 -0.001785 -0.000943 -0.001751 -0.001031 -0.001891 -0.000995 -0.001967 -0.001173 -0.002061 -0.001157 -0.002173 -0.001344 -0.002218 -0.001309 -0.002274 -0.001501 -0.002279 -0.001474 -0.002361 -0.001786 -0.002520 -0.001607 -0.002407 -0.001852 -0.002047 -0.001971 -0.003306 -0.003794 -0.004651 0.005014 -0.002401 -0.004157 -0.005453 -0.005553 -0.003317 -0.006771 -0.005876 -0.004055 -0.002543 -0.001632 -0.001291 -0.000187 -0.001150 -0.001452 -0.001935 -0.002423 -0.002944 -0.003289 -0.003632 -0.004283 -0.005123
-0.002221 -0.000212 -0.000739 -0.003141 -0.000968 -0.002352 -0.001032 -0.001947 -0.001475 -0.001823 -0.001836 -0.002424 -0.002112 -0.002084 -0.002260 -0.002494 -0.002494 -0.002200 -0.002650 -0.002587 -0.002865 -0.002323 -0.002969 -0.002665 -0.003136 -0.002432 -0.003176 -0.002758 -0.003354 -0.002681 -0.003489 -0.003288 -0.003431 -0.003262 -0.003376 -0.003084 -0.004032 -0.004290 -0.005704 -0.006792 -0.000051 -0.003940 -0.006147 -0.007171 -0.008968 -0.008310 -0.008190 -0.005998 -0.008166 -0.005777 -0.005154 -0.003191 -0.003289 -0.001507 -0.003241 -0.002959 -0.004540 -0.003861 -0.005336 -0.004566 -0.005990 -0.005129 -0.007099
-0.002192 -0.002876 -0.002081 -0.003455 -0.002367 -0.003072 -0.001340 -0.002162 -0.001709 -0.001993 -0.001935 -0.002161 -0.002104 -0.001910 -0.002029 -0.002047 -0.002098 -0.001929 -0.002121 -0.002129 -0.002185 -0.002084 -0.002206 -0.002298 -0.002251 -0.002322 -0.002271 -0.002622 -0.002442 -0.002870 -0.002778 -0.003132 -0.003039 -0.003415 -0.002709 -0.004536 -0.004325 -0.005542 -0.007596 -0.000922 -0.004936 -0.006978 -0.007341 -0.008683 -0.009652 -0.011481 -0.011752 -0.009744 -0.006344 -0.008138 -0.007055 -0.004738 -0.003407 -0.002789 -0.003291 -0.004628 -0.005024 -0.005372 -0.006180 -0.006840 -0.006428 -0.006721 -0.006695
-0.002607 -0.001117 -0.000337 -0.001721 -0.000561 -0.001567 -0.001191 -0.001378 -0.001966 -0.001522 -0.002273 -0.002057 -0.002472 -0.001752 -0.002536 -0.002132 -0.002751 -0.001752 -0.002809 -0.002153 -0.003015 -0.001780 -0.003051 -0.002177 -0.003243 -0.001861 -0.003207 -0.002410 -0.003324 -0.002365 -0.003082 -0.002856 -0.003423 -0.002112 -0.004555 -0.004164 -0.004874 -0.006550 -0.010564 0.001433 -0.007110 -0.007612 -0.009176 -0.009176 -0.011010 -0.008332 -0.010954 -0.008271 -0.007710 -0.006201 -0.006916 -0.003630 -0.004928 -0.001769 -0.005170 -0.005167 -0.007292 -0.005095 -0.007033 -0.005021 -0.007024 -0.006174 -0.008664
-0.001432 -0.002247 -0.000783 -0.001439 -0.001513 -0.001940 -0.000613 -0.001153 -0.001320 -0.001375 -0.001421 -0.001423 -0.001747 -0.001372 -0.001611 -0.001376 -0.001794 -0.001418 -0.001729 -0.001482 -0.001857 -0.001541 -0.001798 -0.001655 -0.001904 -0.001704 -0.001833 -0.001802 -0.002063 -0.001762 -0.002196 -0.002403 -0.002013 -0.002947 -0.002725 -0.002429 -0.005613 -0.008201 0.071386 0.003313 -0.006150 -0.005805 -0.006736 -0.007430 -0.007352 -0.005424 -0.005632 -0.003759 -0.006637 -0.005947 -0.006359 -0.003603 -0.003048 -0.002277 -0.005812 -0.006753 -0.008073 -0.006659 -0.007386 -0.006192 -0.007091 -0.006761 -0.008016
-0.002242 -0.001336 0.000068 -0.001152 -0.000429 -0.000969 -0.001297 -0.001294 -0.001601 -0.001421 -0.001811 -0.002049 -0.001890 -0.001860 -0.002049 -0.002119 -0.002167 -0.001915 -0.002303 -0.002092 -0.002444 -0.001933 -0.002443 -0.002051 -0.002443 -0.001886 -0.002351 -0.002067 -0.002310 -0.002074 -0.002463 -0.001356 -0.002807 -0.001348 -0.001331 -0.003553 -0.005147 0.175949 0.107323 0.010226 0.003109 0.004877 -0.001386 -0.001958 -0.003274 -0.003006 -0.004960 -0.003852 -0.006961 -0.006293 -0.007202 -0.005310 -0.006190 -0.005519 -0.006914 -0.007156 -0.009374 -0.007424 -0.008736 -0.007993 -0.008926 -0.006960 -0.007541
-0.001120 -0.002377 -0.000685 -0.001478 -0.001225 -0.001593 -0.000643 -0.001125 -0.001153 -0.001140 -0.001361 -0.001397 -0.001682 -0.001414 -0.001646 -0.001500 -0.001822 -0.001603 -0.001788 -0.001653 -0.001872 -0.001751 -0.001752 -0.001693 -0.001757 -0.001782 -0.001708 -0.001937 -0.002128 -0.002214 -0.001055 -0.002144 -0.000630 0.000921 -0.001396 -0.001215 0.260666 0.225277 0.143562 0.137274 0.143403 0.113934 0.064345 0.040025 0.017268 0.001996 -0.002384 -0.006847 -0.007077 -0.007001 -0.006260 -0.005443 -0.006885 -0.007136 -0.007560 -0.007466 -0.009746 -0.009319 -0.009226 -0.007141 -0.007620 -0.006538 -0.007958
-0.002338 -0.001870 -0.000281 -0.000912 -0.000830 -0.001213 -0.001618 -0.001405 -0.001856 -0.001623 -0.001927 -0.002305 -0.002090 -0.002068 -0.002091 -0.002499 -0.002302 -0.002155 -0.002261 -0.002488 -0.002432 -0.002095 -0.002220 -0.002351 -0.002300 -0.002076 -0.002334 -0.002405 -0.002330 -0.000951 -0.001972 -0.000475 0.001127 0.000988 0.003009 0.312928 0.296022 0.262738 0.248811 0.267447 0.268611 0.251007 0.184196 0.120987 0.054732 0.001151 -0.008950 -0.009595 -0.007390 -0.005236 -0.005979 -0.006064 -0.008202 -0.008524 -0.008713 -0.007254 -0.008134 -0.007797 -0.007286 -0.005779 -0.005663 -0.004998 -0.006749
-0.001050 -0.002488 -0.000562 -0.000894 -0.001325 -0.001615 -0.000649 -0.001037 -0.001368 -0.001304 -0.001493 -0.001438 -0.001901 -0.001593 -0.001770 -0.001657 -0.001975 -0.001773 -0.001793 -0.001808 -0.001925 -0.001812 -0.001632 -0.001830 -0.001921 -0.001961 -0.001988 -0.002480 -0.001679 -0.001558 -0.000287 0.001932 0.000690 0.004560 0.339488 0.334206 0.356305 0.352951 0.367980 0.401305 0.409673 0.376087 0.294952 0.213930 0.136505 0.032641 0.000191 -0.003753 -0.002138 -0.002100 -0.003234 -0.005906 -0.007701 -0.007954 -0.007157 -0.000969 0.000959 0.003451 -0.001202 -0.000339 -0.001797 0.000922 0.000068
-0.002354 -0.001928 -0.000091 -0.000764 -0.000580 -0.000754 -0.001460 -0.001318 -0.001499 -0.001617 -0.001695 -0.002295 -0.001759 -0.002185 -0.001907 -0.002466 -0.001970 -0.002281 -0.001980 -0.002385 -0.001919 -0.002134 -0.001787 -0.002364 -0.001969 -0.002122 -0.001947 -0.002102 -0.000229 -0.000641 0.001789 0.002222 0.006280 0.359118 0.355667 0.423396 0.429571 0.430969 0.484120 0.517494 0.521841 0.480355 0.419042 0.315224 0.204209 0.067934 0.014852 0.003585 0.002653 0.001044 -0.001916 -0.005763 -0.006058 -0.005485 -0.001656 0.002878 0.032363 0.054585 0.053025 0.040806 0.032856 0.023149 0.029528
-0.001016 -0.002259 -0.000487 -0.000961 -0.000841 -0.001157 -0.000466 -0.000795 -0.001127 -0.000981 -0.001330 -0.001308 -0.001718 -0.001516 -0.001652 -0.001627 -0.001812 -0.001769 -0.001640 -0.001740 -0.001661 -0.001812 -0.001652 -0.002031 -0.001626 -0.002245 -0.002144 -0.000022 -0.001272 0.000385 0.002896 0.006155 0.352753 0.357089 0.441753 0.475432 0.456784 0.519315 0.573942 0.604241 0.604343 0.583299 0.515591 0.414811 0.292636 0.149017 0.076246 0.045533 0.026277 0.003808 -0.001491 -0.006186 -0.007746 -0.006131 -0.004596 0.003484 0.045819 0.090664 0.109757 0.117868 0.107083 0.105225 0.117242
-0.002393 -0.002075 -0.000314 -0.000354 -0.000658 -0.000697 -0.001478 -0.001068 -0.001609 -0.001365 -0.001578 -0.002156 -0.001801 -0.001913 -0.001717 -0.002379 -0.001912 -0.001979 -0.001668 -0.002202 -0.001725 -0.001911 -0.001671 -0.002036 -0.001857 -0.001897 -0.000464 -0.001198 0.000364 0.002766 0.006585 0.363603 0.369882 0.436184 0.498268 0.463817 0.523162 0.581995 0.628633 0.650944 0.674916 0.660994 0.585768 0.490957 0.375353 0.236937 0.141458 0.092058 0.052539 0.010306 -0.001469 -0.006446 -0.008197 -0.006851 -0.000413 0.037279 0.106843 0.157914 0.187367 0.196144 0.195291 0.191543 0.207302
-0.000909 -0.002332 -0.000326 -0.000447 -0.000870 -0.001184 -0.000386 -0.000593 -0.001119 -0.000976 -0.001237 -0.001185 -0.001603 -0.001457 -0.001450 -0.001557 -0.001603 -0.001623 -0.001272 -0.001603 -0.001545 -0.001811 -0.001208 -0.002100 -0.002191 -0.000715 -0.002011 -0.000095 0.002488 0.003534 0.007898 0.374022 0.421058 0.519967 0.471350 0.510067 0.561152 0.618613 0.658562 0.697857 0.726962 0.721385 0.644437 0.553590 0.452852 0.299255 0.204488 0.138914 0.073777 0.014230 -0.001693 -0.006511 -0.006892 -0.001481 0.004301 0.071078 0.147270 0.215229 0.255061 0.268253 0.282329 0.284658 0.293573
-0.002365 -0.002119 -0.000120 -0.000418 -0.000397 -0.000287 -0.001251 -0.000947 -0.001250 -0.001276 -0.001387 -0.001972 -0.001456 -0.001892 -0.001493 -0.002145 -0.001403 -0.001876 -0.001271 -0.002028 -0.001287 -0.001714 -0.001533 -0.002392 -0.000160 -0.001764 0.000315 0.002376 0.002248 0.007116 0.367777 0.415442 0.516261 0.480367 0.488607 0.522363 0.581630 0.631257 0.684000 0.728530 0.749829 0.752698 0.674762 0.595951 0.513206 0.374624 0.241374 0.161264 0.080991 0.016828 -0.000727 -0.003920 -0.001026 0.008435 0.067079 0.129093 0.198625 0.275160 0.321807 0.342723 0.369148 0.370044 0.375043
-0.001005 -0.002205 -0.000429 -0.000781 -0.000578 -0.000898 -0.000273 -0.000476 -0.000943 -0.000756 -0.001119 -0.001154 -0.001453 -0.001387 -0.001298 -0.001458 -0.001326 -0.001526 -0.001214 -0.001643 -0.001371 -0.001980 -0.002099 -0.000874 -0.002366 -0.000110 0.001615 0.000861 0.004044 0.387208 0.383383 0.474580 0.498405 0.466792 0.497227 0.530375 0.588164 0.638568 0.703272 0.742369 0.769849 0.756878 0.695754 0.622580 0.545860 0.415286 0.250622 0.168709 0.082616 0.023057 0.002794 0.018300 0.060671 0.121280 0.125442 0.177566 0.255486 0.328257 0.379558 0.409579 0.416711 0.413428 0.420153
-0.002514 -0.002368 -0.000564 -0.000246 -0.000644 -0.000414 -0.001335 -0.000840 -0.001446 -0.001114 -0.001348 -0.001893 -0.001568 -0.001629 -0.001343 -0.001980 -0.001406 -0.001591 -0.001160 -0.002066 -0.001572 -0.001829 -0.000178 -0.002040 0.000460 0.002592 0.000236 0.003924 0.398017 0.372236 0.455736 0.517102 0.451310 0.453598 0.472982 0.522146 0.579650 0.645106 0.703687 0.740447 0.770930 0.743108 0.698406 0.627823 0.552558 0.431699 0.244822 0.162640 0.083505 0.033972 0.071034 0.119014 0.144591 0.214345 0.283811 0.279889 0.329515 0.360958 0.396365 0.418664 0.437403 0.440971 0.446075
-0.001055 -0.002465 -0.000468 -0.000420 -0.000716 -0.001077 -0.000320 -0.000400 -0.000894 -0.000816 -0.000985 -0.001086 -0.001268 -0.001329 -0.001024 -0.001354 -0.001159 -0.001526 -0.001321 -0.001683 -0.001900 -0.000766 -0.002116 -0.000266 0.001101 0.000547 0.002207 0.393824 0.368029 0.440432 0.534224 0.446383 0.427045 0.420904 0.452629 0.499964 0.574572 0.637613 0.692791 0.729716 0.762117 0.719129 0.696397 0.629767 0.554651 0.439749 0.272405 0.153779 0.087687 0.126397 0.172105 0.244676 0.291788 0.320193 0.394344 0.395939 0.388025 0.399543 0.414539 0.429982 0.456524 0.464335 0.463938
-0.002653 -0.002526 -0.000474 -0.000494 -0.000527 -0.000160 -0.001179 -0.000780 -0.001197 -0.001066 -0.001216 -0.001708 -0.001212 -0.001553 -0.001033 -0.001801 -0.001105 -0.001781 -0.001222 -0.002441 -0.000637 -0.001453 0.000161 0.001418 -0.000369 0.002441 0.396588 0.368164 0.437120 0.516282 0.465419 0.404974 0.383604 0.376369 0.410294 0.476415 0.554892 0.614607 0.668340 0.711093 0.743048 0.691676 0.676069 0.614745 0.514945 0.391465 0.256673 0.156500 0.167922 0.222768 0.313964 0.374066 0.439226 0.455882 0.480289 0.469195 0.437864 0.425403 0.437521 0.458512 0.488033 0.502013 0.500179
-0.001275 -0.002352 -0.000642 -0.000886 -0.000572 -0.000901 -0.000263 -0.000427 -0.000809 -0.000670 -0.000892 -0.001074 -0.001102 -0.001177 -0.000918 -0.001521 -0.001453 -0.001540 -0.001764 -0.001675 -0.000630 -0.001046 0.000130 0.000517 0.000170 0.399567 0.357949 0.428284 0.511364 0.487174 0.410013 0.366076 0.326702 0.324554 0.377061 0.442897 0.517876 0.576163 0.635847 0.682859 0.708009 0.656626 0.642765 0.565732 0.476138 0.363251 0.292505 0.245024 0.238190 0.320368 0.408853 0.478951 0.500455 0.510506 0.510017 0.487834 0.457469 0.449603 0.463002 0.476385 0.503226 0.514855 0.529321
-0.002874 -0.002749 -0.000951 -0.000365 -0.000755 -0.000352 -0.001342 -0.000746 -0.001361 -0.000903 -0.001189 -0.001615 -0.001214 -0.001310 -0.001169 -0.002013 -0.001007 -0.001849 -0.001322 0.000286 -0.000538 -0.000206 0.001063 0.002138 0.401908 0.364117 0.431030 0.501952 0.520454 0.413785 0.359641 0.294973 0.265929 0.283221 0.330490 0.397615 0.471734 0.533693 0.596896 0.646913 0.657944 0.621164 0.597442 0.516963 0.460970 0.358804 0.313944 0.261533 0.324736 0.408207 0.483753 0.504952 0.522970 0.523413 0.509364 0.496356 0.496638 0.493697 0.486872 0.495676 0.516918 0.531416 0.545594
-0.001371 -0.002669 -0.000706 -0.000555 -0.000683 -0.001120 -0.000247 -0.000389 -0.000666 -0.000725 -0.000644 -0.000902 -0.000875 -0.001250 -0.001079 -0.001275 -0.001511 -0.001857 -0.000358 -0.001284 -0.000652 0.000552 0.001050 0.405461 0.365647 0.425535 0.488820 0.513934 0.443970 0.363208 0.292850 0.229442 0.226057 0.236997 0.288604 0.348870 0.420074 0.479340 0.552898 0.605616 0.601316 0.571470 0.519791 0.469005 0.433209 0.381146 0.320158 0.335138 0.407281 0.479250 0.525018 0.529231 0.551820 0.540311 0.524262 0.516956 0.515585 0.503141 0.498841 0.510051 0.530484 0.541658 0.545379
-0.003051 -0.002932 -0.000827 -0.000638 -0.000671 -0.000140 -0.001180 -0.000694 -0.001081 -0.000804 -0.000847 -0.001405 -0.000944 -0.001536 -0.000595 -0.002084 -0.001282 -0.000125 -0.001185 -0.000574 0.002289 -0.000358 0.002631 0.366102 0.416520 0.478979 0.509011 0.467692 0.373847 0.291758 0.211352 0.177258 0.164480 0.186552 0.234279 0.294028 0.364684 0.430007 0.505554 0.558852 0.537112 0.495860 0.477054 0.459414 0.454277 0.447078 0.443752 0.451676 0.498755 0.543318 0.557566 0.566063 0.564665 0.542687 0.524003 0.508966 0.508541 0.510616 0.518564 0.523314 0.537901 0.543072 0.552034
-0.001605 -0.002542 -0.000833 -0.001043 -0.000530 -0.000982 -0.000164 -0.000498 -0.000487 -0.000502 -0.000527 -0.001026 -0.001091 -0.001055 -0.001471 -0.002164 -0.000318 -0.002179 -0.000275 0.001453 -0.001734 0.000670 0.357496 0.396929 0.459204 0.492884 0.491471 0.388808 0.307416 0.207991 0.158257 0.111498 0.105699 0.120961 0.174766 0.236815 0.305797 0.374185 0.454622 0.502063 0.482883 0.446908 0.452181 0.479905 0.515332 0.545694 0.549050 0.558237 0.554787 0.546611 0.541540 0.543295 0.547554 0.535134 0.504405 0.502223 0.519310 0.529581 0.542760 0.550222 0.556299 0.574989 0.630527
-0.003235 -0.003076 -0.001237 -0.000447 -0.000823 -0.000332 -0.001388 -0.000699 -0.001063 -0.000644 -0.000929 -0.001524 -0.000917 -0.001546 -0.001507 -0.000426 -0.001499 0.000278 0.001613 -0.002302 0.001225 0.398042 0.375838 0.428188 0.497543 0.505670 0.417380 0.321333 0.222626 0.143466 0.079383 0.042572 0.036681 0.055256 0.104371 0.168510 0.244875 0.320071 0.389034 0.428179 0.431660 0.408990 0.429665 0.505300 0.560326 0.608221 0.610403 0.575718 0.536565 0.512436 0.514856 0.526196 0.543237 0.554309 0.559438 0.559457 0.561054 0.572617 0.592041 0.608699 0.635645 0.693064 0.781029
-0.001638 -0.002785 -0.000777 -0.000646 -0.000561 -0.001183 -0.000084 -0.000379 -0.000281 -0.000558 -0.000423 -0.001096 -0.001336 -0.001700 0.000135 -0.001997 0.000699 0.002089 -0.001991 -0.000383 0.416367 0.369998 0.426844 0.491385 0.502719 0.440590 0.351817 0.249362 0.163427 0.077872 0.023932 0.002275 0.002553 0.004779 0.042986 0.099011 0.182024 0.255693 0.324557 0.397990 0.384615 0.389634 0.440318 0.536533 0.601491 0.630954 0.593954 0.530999 0.510152 0.527245 0.539273 0.549176 0.557477 0.562351 0.573790 0.586489 0.606396 0.635267 0.671998 0.705605 0.753794 0.821550 0.885854
