public/test_data/wave-2024-07-12T11-00-00.asc
ncols         120
nrows         120
xllcorner     110.0
yllcorner     3.0
cellsize      0.25
NODATA_value  0.0
[rows 56 to 83 of 120, columns 0 to 62 of 120]
0.446567 0.449535 0.286909 0.402840 0.519705 0.568153 0.608780 0.643012 0.659278 0.670891 0.677214 0.676316 0.666699 0.647965 0.632680 0.626369 0.631293 0.636523 0.629917 0.616805 0.615366 0.619814 0.621165 0.616996 0.623758 0.630894 0.628403 0.616566 0.602659 0.589817 0.579256 0.570395 0.563876 0.563285 0.565813 0.572435 0.581397 0.591426 0.600488 0.624486 0.655748 0.652216 0.691245 0.733480 0.756696 0.746839 0.760963 0.735648 0.793501 0.860128 0.899203 0.911877 0.913381 0.901875 0.893782 0.891933 0.915191 0.952180 0.992027 1.002661 1.002318 0.995770 0.966727
0.350987 0.374038 0.311494 0.459567 0.542608 0.571554 0.599936 0.637136 0.664624 0.685490 0.696279 0.702924 0.703522 0.690304 0.676240 0.657921 0.643045 0.631043 0.628844 0.622166 0.620804 0.621118 0.619528 0.612490 0.613767 0.619058 0.624420 0.623093 0.616733 0.605817 0.596091 0.586712 0.577633 0.571462 0.571695 0.574469 0.585601 0.597920 0.607310 0.618450 0.640022 0.655343 0.646062 0.631697 0.649079 0.678596 0.684694 0.664141 0.638192 0.735385 0.853357 0.891788 0.883199 0.879543 0.865867 0.863140 0.883518 0.904199 0.938645 0.964349 0.973502 0.974444 0.958399
0.305137 0.306351 0.363050 0.498063 0.547773 0.557223 0.584209 0.624371 0.665702 0.700261 0.715419 0.725889 0.733434 0.728895 0.715157 0.692054 0.662953 0.634520 0.626719 0.626239 0.625804 0.619853 0.616103 0.615728 0.618821 0.622043 0.625033 0.626065 0.624749 0.618910 0.607159 0.596939 0.584401 0.573539 0.568532 0.579567 0.598947 0.612370 0.617995 0.618513 0.625462 0.639493 0.658143 0.667696 0.655907 0.649302 0.659093 0.670860 0.638674 0.598153 0.786961 0.869901 0.896703 0.868151 0.859761 0.849792 0.873585 0.894433 0.907479 0.928833 0.944889 0.950282 0.944967
0.395588 0.408234 0.469040 0.527255 0.547577 0.553534 0.579470 0.623560 0.672706 0.714246 0.736054 0.750515 0.763925 0.760620 0.743806 0.716442 0.684449 0.643741 0.625652 0.625596 0.623778 0.615139 0.617394 0.621589 0.629462 0.633783 0.638815 0.636624 0.635042 0.627595 0.616214 0.599847 0.585245 0.568347 0.566823 0.588197 0.608232 0.619209 0.625966 0.623169 0.624831 0.636799 0.664136 0.659736 0.651250 0.648987 0.649943 0.660766 0.677818 0.714596 0.758022 0.828641 0.889123 0.889030 0.868465 0.865656 0.868631 0.888829 0.909911 0.912236 0.918047 0.926403 0.923372
0.485519 0.471874 0.502260 0.527256 0.546278 0.558459 0.591125 0.633990 0.690821 0.732353 0.761438 0.783295 0.799638 0.796602 0.775414 0.742774 0.705713 0.661067 0.632777 0.626850 0.621859 0.618234 0.621289 0.627090 0.637527 0.648357 0.655266 0.656145 0.650475 0.640101 0.623688 0.603021 0.582312 0.563551 0.567848 0.592453 0.612079 0.628251 0.636190 0.631971 0.625521 0.639172 0.666149 0.658731 0.649390 0.648001 0.656393 0.664926 0.680201 0.680063 0.709024 0.797096 0.864209 0.894103 0.869307 0.867686 0.867894 0.865467 0.878199 0.883311 0.889974 0.899632 0.892463
0.534108 0.519874 0.529026 0.546679 0.561881 0.584385 0.615794 0.665318 0.711759 0.746547 0.784807 0.812936 0.830249 0.825444 0.800394 0.761266 0.720791 0.675304 0.641973 0.628849 0.622362 0.620148 0.622074 0.629132 0.651547 0.669154 0.678126 0.676396 0.669951 0.652916 0.633627 0.605322 0.581409 0.559060 0.570517 0.594073 0.611987 0.629421 0.643285 0.641048 0.632175 0.646170 0.659792 0.653379 0.654741 0.658957 0.666286 0.676068 0.689265 0.695315 0.693870 0.763557 0.833480 0.874876 0.865506 0.856100 0.858481 0.845971 0.844272 0.838533 0.847243 0.855774 0.839917
0.528371 0.515171 0.535482 0.568811 0.599371 0.622830 0.660209 0.703075 0.730200 0.761251 0.800923 0.833701 0.848985 0.842421 0.816343 0.773285 0.730197 0.686352 0.649352 0.631372 0.626838 0.625531 0.625304 0.644005 0.675267 0.695295 0.700996 0.697572 0.689903 0.671493 0.648019 0.617418 0.587078 0.568793 0.580073 0.598892 0.616173 0.633883 0.648430 0.647639 0.635179 0.645331 0.659822 0.663900 0.664049 0.668289 0.672458 0.680079 0.691163 0.707035 0.705786 0.750886 0.819411 0.853323 0.844812 0.836676 0.844857 0.823327 0.809774 0.802604 0.803409 0.807003 0.794333
0.549869 0.532559 0.560022 0.606148 0.640356 0.672600 0.702728 0.724949 0.739618 0.766063 0.802042 0.823811 0.839201 0.831958 0.808619 0.768049 0.728112 0.685690 0.651805 0.635901 0.632276 0.633372 0.641267 0.665886 0.696245 0.712633 0.718028 0.711312 0.704647 0.687664 0.665232 0.636314 0.610482 0.595062 0.597692 0.605716 0.623597 0.640141 0.653110 0.648373 0.636528 0.641131 0.656402 0.659394 0.663812 0.668935 0.676753 0.684566 0.694728 0.707683 0.703722 0.750448 0.818128 0.851001 0.842278 0.821043 0.820800 0.808389 0.771959 0.758165 0.756026 0.757271 0.749814
0.556347 0.534907 0.571470 0.624736 0.669828 0.696823 0.721976 0.735733 0.750300 0.771444 0.792445 0.807768 0.818597 0.808746 0.785281 0.752730 0.716747 0.677224 0.649696 0.639180 0.637165 0.642416 0.655710 0.682398 0.706998 0.721564 0.727966 0.722145 0.715547 0.704794 0.686505 0.661770 0.637823 0.622654 0.616583 0.619717 0.633249 0.648443 0.656743 0.651838 0.642995 0.652381 0.661884 0.665848 0.671003 0.678465 0.686285 0.694196 0.702380 0.713519 0.721279 0.759249 0.816310 0.847659 0.845766 0.822775 0.811593 0.793370 0.755753 0.715572 0.716559 0.714749 0.713084
0.560293 0.537125 0.576038 0.638174 0.681336 0.709137 0.733375 0.747301 0.744421 0.761281 0.775440 0.781390 0.784790 0.771225 0.751167 0.723226 0.692440 0.660118 0.643431 0.638788 0.640997 0.645489 0.663556 0.688858 0.711325 0.727961 0.732976 0.728465 0.724601 0.717340 0.706572 0.686739 0.663339 0.643800 0.635919 0.634688 0.644344 0.652820 0.657318 0.652333 0.654724 0.659895 0.666160 0.672995 0.677875 0.684065 0.692480 0.699175 0.706726 0.717320 0.727865 0.786279 0.823235 0.844437 0.851787 0.841142 0.823622 0.802539 0.769466 0.717202 0.696273 0.690023 0.682602
0.549341 0.512695 0.572900 0.638478 0.683958 0.707405 0.733816 0.743218 0.743460 0.753860 0.759955 0.761985 0.754104 0.737008 0.717256 0.690519 0.667462 0.648616 0.641878 0.640697 0.642480 0.648851 0.672280 0.691256 0.717656 0.733900 0.733074 0.729238 0.728294 0.725097 0.718906 0.705568 0.687109 0.670385 0.657014 0.653100 0.655811 0.657945 0.656569 0.659599 0.661939 0.661838 0.669066 0.679054 0.689414 0.695167 0.701736 0.709591 0.718278 0.727394 0.751178 0.798543 0.837103 0.848287 0.845477 0.841425 0.828786 0.806889 0.774844 0.730100 0.695482 0.683616 0.672358
0.564858 0.530998 0.584255 0.642051 0.681607 0.709274 0.728959 0.733467 0.734776 0.732696 0.739307 0.728242 0.717845 0.697634 0.680463 0.662464 0.651943 0.644006 0.639767 0.639176 0.640660 0.654081 0.670911 0.685551 0.710626 0.720518 0.721452 0.719132 0.725040 0.725521 0.723476 0.713903 0.704444 0.692380 0.681415 0.671481 0.665410 0.658391 0.655524 0.662609 0.664929 0.660144 0.669836 0.680203 0.691605 0.701619 0.711650 0.719097 0.730625 0.725555 0.761326 0.797802 0.837554 0.853256 0.848789 0.833102 0.828348 0.807907 0.774348 0.736368 0.704708 0.677745 0.660166
0.579422 0.548390 0.591837 0.633901 0.673765 0.697498 0.723651 0.722241 0.701253 0.697574 0.711017 0.702705 0.684539 0.666053 0.655028 0.645438 0.642669 0.640781 0.641034 0.638938 0.639975 0.657051 0.667274 0.678949 0.699430 0.707855 0.707698 0.711956 0.720690 0.724782 0.722824 0.718357 0.714487 0.711227 0.703954 0.691226 0.673504 0.659247 0.651971 0.663331 0.666283 0.664936 0.670908 0.681468 0.693988 0.707505 0.718830 0.731649 0.725815 0.729838 0.759736 0.778007 0.806169 0.834708 0.853370 0.846704 0.832499 0.809774 0.778004 0.743666 0.708633 0.675616 0.644886
0.589733 0.562625 0.587489 0.622509 0.660222 0.686212 0.710473 0.719085 0.712297 0.706306 0.697075 0.674103 0.655102 0.636948 0.634517 0.638433 0.638684 0.640639 0.639051 0.635032 0.642369 0.656093 0.662990 0.672417 0.687498 0.695840 0.700940 0.706164 0.709485 0.708906 0.710415 0.708050 0.711507 0.715378 0.712020 0.695805 0.674951 0.657345 0.652051 0.661514 0.667112 0.664644 0.670162 0.685355 0.699084 0.709863 0.723108 0.726346 0.717075 0.721040 0.743723 0.769779 0.781886 0.812662 0.845244 0.850559 0.830567 0.809526 0.780554 0.744527 0.703234 0.669890 0.633400
0.584262 0.557427 0.572034 0.598711 0.631226 0.655129 0.686219 0.702802 0.704814 0.699770 0.682580 0.658481 0.641714 0.627759 0.630142 0.636626 0.639048 0.640290 0.637594 0.640437 0.651639 0.659934 0.663973 0.670709 0.681118 0.691908 0.696483 0.698517 0.700337 0.702780 0.705517 0.703763 0.706759 0.712384 0.708176 0.692567 0.672283 0.658542 0.656315 0.663581 0.667504 0.666385 0.666334 0.681576 0.699486 0.719102 0.729073 0.729520 0.724241 0.722946 0.719484 0.747962 0.754539 0.773858 0.813845 0.835793 0.829179 0.805441 0.786847 0.750160 0.709760 0.677354 0.636174
0.597782 0.571069 0.561919 0.578357 0.598015 0.618034 0.649705 0.676017 0.690498 0.690485 0.676983 0.657072 0.643871 0.636555 0.636663 0.639528 0.643770 0.645265 0.649853 0.655746 0.663659 0.666614 0.668167 0.672529 0.681392 0.684899 0.688082 0.686870 0.691051 0.695564 0.703028 0.700577 0.702397 0.701424 0.696594 0.682452 0.669025 0.660022 0.660221 0.664546 0.666851 0.667715 0.669731 0.677937 0.695801 0.713371 0.729731 0.722642 0.718809 0.718641 0.719593 0.721920 0.745413 0.742615 0.758877 0.793023 0.809944 0.798352 0.782205 0.756154 0.723209 0.687342 0.646578
0.588100 0.565589 0.545478 0.560645 0.585075 0.599245 0.623788 0.643165 0.668327 0.683057 0.681124 0.668539 0.656857 0.650686 0.649781 0.647650 0.653221 0.660985 0.668610 0.672510 0.674886 0.674215 0.676325 0.680315 0.685470 0.683809 0.684238 0.683824 0.684679 0.687240 0.693950 0.698240 0.697421 0.692783 0.686969 0.675660 0.666988 0.661603 0.660109 0.667037 0.668265 0.671185 0.672261 0.677874 0.695235 0.708125 0.726176 0.724425 0.721884 0.715619 0.715705 0.713424 0.714911 0.731225 0.731731 0.735137 0.754173 0.769654 0.767628 0.753453 0.725559 0.689189 0.653878
0.574454 0.561387 0.530835 0.554490 0.565237 0.575935 0.606922 0.641665 0.658383 0.670210 0.677235 0.671563 0.666522 0.661575 0.659286 0.657367 0.663897 0.673381 0.679389 0.679166 0.681344 0.681965 0.685312 0.687798 0.689278 0.683248 0.680529 0.676775 0.677796 0.681575 0.688683 0.693500 0.694257 0.684058 0.676224 0.668149 0.662253 0.657626 0.658813 0.665308 0.668100 0.665303 0.674502 0.675148 0.681180 0.699457 0.722257 0.730359 0.722669 0.719364 0.714221 0.719238 0.716638 0.704572 0.708465 0.711784 0.715037 0.724976 0.743711 0.736219 0.718042 0.687826 0.655517
0.543698 0.516289 0.509033 0.540440 0.563269 0.593811 0.643302 0.672614 0.675248 0.676228 0.674291 0.673399 0.670584 0.667097 0.664474 0.665041 0.672385 0.678818 0.684796 0.687454 0.691046 0.692272 0.692306 0.692892 0.691360 0.683383 0.674676 0.672141 0.677424 0.685087 0.692367 0.695776 0.695516 0.686258 0.675186 0.665330 0.659845 0.657139 0.658088 0.659638 0.663932 0.666853 0.673194 0.674096 0.685356 0.704242 0.728464 0.739791 0.731192 0.726540 0.729175 0.724966 0.723825 0.721089 0.712056 0.696018 0.695241 0.699555 0.716515 0.751221 0.742626 0.711646 0.675703
0.551613 0.554772 0.563820 0.605580 0.627893 0.655599 0.677293 0.693012 0.696680 0.690506 0.679976 0.672462 0.674204 0.669736 0.668860 0.669825 0.675333 0.680985 0.689431 0.693503 0.697674 0.696130 0.693833 0.690239 0.689160 0.680194 0.673219 0.674496 0.684576 0.692490 0.696829 0.694752 0.694709 0.688828 0.680134 0.670121 0.665914 0.661871 0.660779 0.659352 0.663011 0.666051 0.672298 0.670766 0.671658 0.679907 0.707577 0.753234 0.752297 0.748211 0.738911 0.721266 0.726005 0.720956 0.714876 0.702788 0.700996 0.713229 0.712896 0.752846 0.770153 0.761990 0.750400
0.571957 0.570975 0.598176 0.623638 0.639041 0.656380 0.685375 0.705324 0.713441 0.712420 0.697122 0.679999 0.677286 0.673937 0.673086 0.674028 0.680013 0.687398 0.697543 0.701494 0.703277 0.698214 0.691489 0.686094 0.682205 0.677123 0.677196 0.684044 0.693225 0.698146 0.698110 0.693789 0.690660 0.689735 0.685657 0.678277 0.674273 0.671854 0.668932 0.666307 0.666509 0.669793 0.673786 0.670892 0.673337 0.669749 0.673114 0.715014 0.770557 0.754672 0.664259 0.680596 0.718874 0.736957 0.723806 0.717316 0.719932 0.722452 0.718692 0.752267 0.780218 0.785414 0.780067
0.596993 0.589229 0.609346 0.626952 0.646962 0.675321 0.706258 0.726281 0.728713 0.720771 0.705456 0.685119 0.675873 0.671437 0.673019 0.676602 0.685134 0.693156 0.703461 0.706674 0.704288 0.694494 0.685539 0.676920 0.671399 0.673421 0.681141 0.688644 0.695192 0.699198 0.699658 0.696443 0.691378 0.686697 0.687814 0.683436 0.679350 0.675331 0.674285 0.669189 0.666239 0.668526 0.670206 0.668626 0.668780 0.671109 0.676123 0.651583 0.643172 0.673984 0.661841 0.645056 0.712580 0.749378 0.733585 0.728597 0.726015 0.728001 0.730420 0.759364 0.778121 0.786648 0.786752
0.601051 0.583816 0.600827 0.620144 0.653203 0.685093 0.716491 0.732075 0.735522 0.733040 0.713412 0.691317 0.676486 0.671436 0.673084 0.677559 0.688302 0.699649 0.708137 0.710641 0.705477 0.691415 0.677494 0.664412 0.663220 0.670553 0.682239 0.691808 0.699583 0.704066 0.707151 0.704056 0.698612 0.691324 0.688692 0.684092 0.680268 0.680576 0.677382 0.669775 0.660129 0.670185 0.668901 0.666879 0.669084 0.673697 0.675811 0.680849 0.673523 0.664036 0.670314 0.668417 0.653206 0.668828 0.719206 0.735377 0.735105 0.741349 0.757694 0.766205 0.777390 0.784372 0.783824
0.611492 0.590312 0.595276 0.620627 0.657069 0.686876 0.716336 0.733399 0.735879 0.733006 0.720976 0.695507 0.678167 0.668885 0.670969 0.675764 0.688204 0.699735 0.708364 0.708713 0.702559 0.684969 0.668188 0.652789 0.656200 0.667245 0.682133 0.692053 0.700972 0.705540 0.709679 0.707829 0.703944 0.695829 0.688942 0.681478 0.682858 0.682372 0.677716 0.669041 0.668798 0.673978 0.672916 0.669458 0.672249 0.671720 0.673676 0.667619 0.669237 0.670716 0.671491 0.667091 0.668343 0.644022 0.677678 0.708414 0.727088 0.720793 0.702191 0.725693 0.765787 0.784884 0.790590
0.596847 0.576950 0.581911 0.605654 0.639325 0.664924 0.700736 0.724776 0.732731 0.731640 0.724477 0.705510 0.684532 0.672280 0.671139 0.674815 0.687080 0.697451 0.705969 0.705821 0.698124 0.681191 0.661107 0.648095 0.650961 0.663796 0.680157 0.690737 0.699880 0.707161 0.712483 0.713602 0.707626 0.700038 0.689968 0.683666 0.684188 0.680620 0.672799 0.671867 0.675123 0.677847 0.674841 0.670968 0.671239 0.673237 0.675734 0.672902 0.673299 0.673008 0.670855 0.667648 0.659169 0.669025 0.647254 0.669476 0.701864 0.710735 0.658463 0.667116 0.723203 0.767694 0.790109
0.578867 0.570114 0.568987 0.589504 0.614186 0.638687 0.671483 0.697745 0.714100 0.719363 0.717015 0.704715 0.686823 0.674184 0.669364 0.670518 0.680700 0.688139 0.697815 0.699085 0.692194 0.675316 0.658998 0.649002 0.650872 0.662680 0.678814 0.687625 0.696266 0.702743 0.709866 0.711618 0.706051 0.694776 0.687667 0.682060 0.678208 0.669228 0.662577 0.657005 0.661923 0.670452 0.675565 0.669387 0.667958 0.668630 0.673440 0.659909 0.653916 0.657272 0.659974 0.656952 0.657369 0.649775 0.648872 0.648682 0.690219 0.701482 0.689441 0.679527 0.676144 0.727669 0.768310
0.557895 0.545697 0.549584 0.563461 0.585222 0.598078 0.633159 0.658967 0.683602 0.699439 0.701429 0.695000 0.683553 0.673156 0.666273 0.667715 0.678153 0.684808 0.689908 0.691611 0.687817 0.675768 0.663330 0.656195 0.657255 0.666740 0.679745 0.686285 0.693216 0.697247 0.702963 0.702948 0.698788 0.689436 0.682652 0.676171 0.668252 0.657951 0.649571 0.647942 0.649100 0.658296 0.672211 0.674966 0.670068 0.670462 0.669654 0.656481 0.654569 0.653540 0.651778 0.650929 0.653505 0.660660 0.656280 0.662987 0.644221 0.694129 0.668446 0.679891 0.695284 0.696751 0.742946
0.548235 0.535005 0.526512 0.541976 0.563690 0.580217 0.601096 0.628557 0.648708 0.662378 0.672070 0.671883 0.670288 0.662713 0.660323 0.665000 0.673444 0.678510 0.685459 0.683369 0.682427 0.674589 0.666832 0.660698 0.662452 0.669394 0.680753 0.681727 0.687120 0.689372 0.692494 0.690345 0.687662 0.680665 0.673729 0.665700 0.661927 0.653066 0.648917 0.650747 0.659134 0.663128 0.667025 0.670579 0.669463 0.665817 0.660949 0.647674 0.656810 0.654567 0.653750 0.655408 0.658963 0.658449 0.655284 0.656111 0.644257 0.649200 0.663941 0.674209 0.692165 0.703530 0.713700
