public/test_data/wave-2024-07-12T11-00-00.asc
ncols         120
nrows         120
xllcorner     110.0
yllcorner     3.0
cellsize      0.25
NODATA_value  0.0
[rows 28 to 55 of 120, columns 0 to 62 of 120]
-0.003275 -0.003106 -0.000986 -0.000652 -0.000711 -0.000129 -0.001029 -0.000708 -0.000755 -0.000779 -0.000875 -0.001581 -0.001079 0.000132 -0.001051 -0.000105 0.001855 -0.001405 0.001633 0.429769 0.382274 0.433260 0.495580 0.501145 0.472656 0.374318 0.278805 0.180146 0.092546 0.019884 -0.000675 -0.004012 -0.002660 0.000249 0.004672 0.034581 0.110069 0.186828 0.249778 0.266505 0.301360 0.330056 0.401067 0.508787 0.595112 0.605076 0.551728 0.499203 0.519509 0.538159 0.554381 0.574297 0.603018 0.618372 0.636450 0.643462 0.650814 0.670398 0.699066 0.734020 0.794990 0.855187 0.919593
-0.001684 -0.002451 -0.000734 -0.001112 -0.000400 -0.001101 -0.000092 -0.000500 -0.000443 -0.000696 -0.000929 -0.001969 -0.000622 -0.001335 0.000161 0.001493 -0.002302 -0.000930 0.431896 0.384058 0.437114 0.487387 0.502124 0.502555 0.410334 0.310865 0.219849 0.124968 0.043872 -0.000196 -0.004046 -0.005821 -0.003567 -0.001862 0.001591 0.005203 0.050935 0.107791 0.134319 0.163310 0.220336 0.267365 0.348946 0.479640 0.563245 0.569868 0.503013 0.474301 0.494476 0.510896 0.541245 0.604123 0.659740 0.700840 0.713856 0.721450 0.722485 0.743483 0.789694 0.833793 0.879822 0.917088 0.960466
-0.003218 -0.002971 -0.001254 -0.000394 -0.000862 -0.000399 -0.001219 -0.000926 -0.001196 -0.000686 -0.001295 -0.001277 0.000533 -0.000272 0.000760 -0.001119 0.000204 0.445383 0.382229 0.439900 0.501768 0.505257 0.507757 0.437740 0.348827 0.249568 0.159813 0.065718 0.002285 -0.004652 -0.006343 -0.005559 -0.003139 -0.000911 0.000722 0.003300 0.011754 0.045880 0.073621 0.096077 0.157377 0.239660 0.320505 0.426913 0.527666 0.549860 0.471761 0.452678 0.451595 0.448254 0.504552 0.615325 0.714387 0.778437 0.815298 0.845993 0.858106 0.879703 0.901793 0.912951 0.938407 0.968438 0.987734
-0.001427 -0.002463 -0.000503 -0.000684 -0.000500 -0.001468 -0.000339 -0.000808 -0.000170 -0.001157 -0.001071 0.001246 -0.001009 -0.000349 0.000696 -0.000315 0.437771 0.389808 0.448375 0.498578 0.506014 0.507649 0.476010 0.387984 0.300690 0.205718 0.114087 0.023276 -0.001092 -0.005985 -0.004786 -0.003708 -0.001028 -0.000301 0.001037 0.001942 0.001844 0.004577 0.032987 0.073111 0.164760 0.250835 0.326175 0.433013 0.530011 0.540330 0.526593 0.508262 0.460781 0.446274 0.502327 0.659958 0.772204 0.852684 0.902152 0.926796 0.941014 0.942565 0.945023 0.955354 0.978545 1.007027 1.021923
-0.003003 -0.002752 -0.000813 -0.000576 -0.000929 -0.000535 -0.001111 -0.000644 -0.000988 -0.000700 0.000876 -0.001063 0.000384 0.000429 0.002110 0.444857 0.393816 0.454113 0.497713 0.505621 0.515888 0.507278 0.424920 0.337938 0.253770 0.157303 0.062295 0.001279 -0.005089 -0.006726 -0.004358 -0.002407 0.000043 0.001232 0.001743 0.000372 0.000486 0.003404 0.040724 0.124664 0.238415 0.312872 0.407119 0.477050 0.530992 0.518475 0.504453 0.505540 0.487750 0.464693 0.583274 0.731835 0.822804 0.897546 0.926026 0.930008 0.973681 0.987476 0.979565 0.974236 0.993417 1.021921 1.017217
-0.001216 -0.001858 -0.000304 -0.001299 -0.000647 -0.001899 -0.000061 -0.001172 -0.001203 0.000815 -0.001783 0.000333 0.001564 -0.000259 0.001312 0.398033 0.431699 0.492784 0.505882 0.518387 0.522728 0.456329 0.387751 0.307039 0.221307 0.115866 0.034768 -0.001657 -0.005749 -0.005800 -0.002587 -0.000884 0.001033 0.001670 -0.000005 -0.001335 0.000673 0.039110 0.115811 0.231893 0.301539 0.360566 0.423935 0.505372 0.515311 0.501471 0.500960 0.491049 0.455437 0.532094 0.664067 0.782473 0.865036 0.894974 0.904955 0.928789 0.966807 0.976450 0.974092 0.979713 1.003203 1.039240 1.029093
-0.002600 -0.002314 -0.001038 -0.000470 -0.001334 -0.000911 -0.001735 -0.001313 0.000691 -0.001251 0.000749 0.001917 -0.001021 0.001489 0.404526 0.421235 0.494393 0.504188 0.521159 0.523264 0.487901 0.420789 0.358136 0.275794 0.182787 0.081704 0.005240 -0.005149 -0.006935 -0.004883 -0.002025 0.000304 0.001776 0.001702 -0.000172 0.000278 0.028335 0.116218 0.232195 0.306986 0.363614 0.397886 0.483271 0.520781 0.502054 0.492586 0.489015 0.474153 0.479287 0.609556 0.752182 0.832506 0.876041 0.896566 0.929692 0.964297 0.961524 0.963999 0.976370 1.001382 1.029046 1.064764 1.100484
-0.000530 -0.001761 -0.000142 -0.001125 -0.000976 -0.002435 -0.001090 0.000187 -0.001829 0.001757 0.001919 -0.000917 -0.000933 0.453436 0.397016 0.476032 0.507404 0.520156 0.535028 0.521008 0.460624 0.406335 0.340531 0.251590 0.156173 0.055678 0.001268 -0.005628 -0.005820 -0.004166 -0.001276 0.000177 -0.000071 -0.000446 -0.000662 0.002318 0.076043 0.206478 0.276773 0.353568 0.395633 0.472553 0.526907 0.512416 0.497679 0.483004 0.475933 0.464466 0.564650 0.701138 0.793996 0.858853 0.894563 0.909516 0.942273 0.969050 0.981557 0.976519 0.985904 1.001220 1.023865 1.049115 1.107825
-0.002170 -0.002005 -0.000728 -0.000889 -0.001606 -0.001091 -0.000311 -0.001713 0.002047 0.003300 -0.001095 0.000265 0.484241 0.401387 0.486441 0.512282 0.525857 0.533061 0.545918 0.487294 0.444232 0.386430 0.315871 0.223408 0.124347 0.035956 -0.002347 -0.008133 -0.008761 -0.005493 -0.003343 -0.003213 -0.002203 -0.001603 -0.000833 0.010548 0.133927 0.230430 0.318139 0.386205 0.475288 0.538364 0.537670 0.524772 0.514607 0.498308 0.466934 0.504269 0.636647 0.735600 0.828317 0.867110 0.870984 0.882498 0.900027 0.913184 0.931624 0.948974 0.966823 0.978805 1.014043 1.080595 1.154999
-0.000018 -0.001355 -0.000352 -0.002207 -0.001682 -0.001835 -0.002536 0.001329 0.001947 0.000165 -0.001042 0.495197 0.405447 0.491843 0.519763 0.526170 0.535752 0.546975 0.517155 0.473712 0.433645 0.373489 0.302361 0.206354 0.111853 0.013249 -0.007262 -0.010737 -0.008582 -0.007888 -0.006377 -0.004659 -0.003528 -0.002731 -0.000901 0.063058 0.168401 0.229604 0.340739 0.384587 0.506213 0.520372 0.510817 0.498921 0.494943 0.484608 0.463047 0.562415 0.660902 0.751309 0.847923 0.861039 0.838113 0.819671 0.832544 0.851611 0.878940 0.914660 0.935371 0.952010 1.010332 1.098207 1.181694
-0.001756 -0.001731 -0.001808 -0.001578 -0.001967 -0.002696 -0.000587 0.001952 -0.001208 0.000466 0.506136 0.415860 0.502312 0.518697 0.534148 0.540586 0.554423 0.539568 0.500203 0.468527 0.426530 0.361417 0.281042 0.173329 0.060465 0.000857 -0.006976 -0.009402 -0.008467 -0.005816 -0.002294 -0.000656 -0.000596 0.004064 0.053041 0.135714 0.210377 0.261971 0.407475 0.486811 0.559867 0.562917 0.517387 0.486769 0.484115 0.471431 0.448553 0.596205 0.637658 0.750052 0.853747 0.865870 0.821523 0.788730 0.789982 0.815153 0.843549 0.879456 0.905232 0.931299 1.004476 1.108059 1.186616
0.000397 -0.001252 -0.001003 -0.002336 -0.001803 -0.002538 0.000496 0.001140 -0.001549 0.526495 0.417797 0.508137 0.529819 0.535941 0.546521 0.560711 0.572647 0.528759 0.506660 0.467373 0.417898 0.326093 0.233155 0.150345 0.082777 0.026956 0.000427 -0.002939 0.001027 0.033181 0.091175 0.126177 0.120310 0.123259 0.168703 0.205634 0.247907 0.338646 0.460865 0.499072 0.616849 0.589701 0.557125 0.511535 0.477483 0.456987 0.481752 0.616284 0.595501 0.756327 0.864108 0.889792 0.818533 0.782128 0.787038 0.809725 0.822140 0.842258 0.889553 0.926112 0.992652 1.094893 1.174095
-0.001347 -0.001972 -0.001629 -0.000815 -0.002894 -0.001097 0.001149 0.001466 0.537293 0.441958 0.529168 0.534095 0.542311 0.545979 0.563525 0.580025 0.554600 0.524068 0.482962 0.423724 0.355622 0.293725 0.245915 0.184307 0.132739 0.087919 0.062667 0.068203 0.106727 0.157941 0.219994 0.275545 0.259368 0.245476 0.259469 0.279214 0.310977 0.339856 0.541798 0.598004 0.627534 0.637999 0.595323 0.550366 0.510260 0.465551 0.550125 0.627264 0.669681 0.789934 0.887394 0.914164 0.834062 0.782482 0.794328 0.813387 0.818363 0.821485 0.871259 0.921626 0.985520 1.082624 1.163029
0.000541 -0.001590 -0.000513 -0.004728 -0.001593 -0.001235 0.000759 0.538960 0.454697 0.536292 0.533655 0.542094 0.554711 0.564258 0.587709 0.579344 0.535464 0.478096 0.428024 0.402780 0.349118 0.312676 0.273475 0.236186 0.206176 0.180683 0.180174 0.196605 0.223167 0.267834 0.332597 0.378574 0.375043 0.348396 0.339943 0.349825 0.404057 0.488652 0.573704 0.601618 0.614278 0.648210 0.590847 0.524009 0.481985 0.493505 0.602975 0.661949 0.736775 0.800620 0.914742 0.938678 0.868482 0.788425 0.795579 0.816476 0.837307 0.877901 0.911681 0.940690 0.998605 1.084082 1.158940
-0.000338 -0.000744 -0.004276 -0.001874 0.000600 -0.001767 0.001674 0.456323 0.509749 0.545071 0.556443 0.567637 0.573444 0.582969 0.563516 0.552026 0.516897 0.426848 0.386252 0.380580 0.371934 0.358294 0.343640 0.334488 0.321876 0.310754 0.316257 0.335768 0.364462 0.399432 0.441057 0.463339 0.454980 0.466743 0.488025 0.497393 0.537740 0.573042 0.597005 0.615669 0.638337 0.655086 0.652168 0.589900 0.490813 0.514160 0.704336 0.714034 0.717217 0.852828 0.922380 0.949178 0.907971 0.820753 0.809114 0.823025 0.871974 0.908362 0.936439 0.966327 1.018984 1.098720 1.162135
0.005888 -0.003363 0.000330 -0.001081 -0.003783 -0.002308 0.468422 0.494269 0.570265 0.570487 0.582144 0.559193 0.550369 0.536033 0.524260 0.503345 0.499494 0.441441 0.440502 0.451518 0.458244 0.452272 0.451086 0.451334 0.448621 0.451601 0.456003 0.469025 0.486482 0.503916 0.522228 0.535590 0.539422 0.546597 0.557553 0.581714 0.606431 0.631291 0.647578 0.675465 0.692705 0.688278 0.691061 0.628492 0.445389 0.509459 0.686875 0.676689 0.757858 0.866037 0.935587 0.952501 0.910804 0.831435 0.813065 0.840957 0.891439 0.920468 0.956053 1.002281 1.062275 1.130641 1.180838
-0.000656 0.000181 0.002883 -0.005103 -0.003474 0.518615 0.463966 0.574353 0.586175 0.563943 0.530448 0.522084 0.517309 0.487852 0.475350 0.453330 0.432040 0.435140 0.446084 0.466140 0.482451 0.496458 0.509267 0.517719 0.520528 0.522009 0.525981 0.531518 0.540833 0.549494 0.560038 0.564616 0.568966 0.581020 0.610085 0.641546 0.669380 0.691161 0.708834 0.722070 0.729458 0.727455 0.711091 0.605593 0.429337 0.626389 0.800693 0.755648 0.849620 0.891966 0.939539 0.958354 0.897913 0.827379 0.812997 0.848776 0.902266 0.933921 0.976378 1.041225 1.116546 1.171343 1.200500
0.015361 0.002574 -0.005305 -0.008618 0.543908 0.453066 0.579275 0.554616 0.512557 0.496978 0.479629 0.468382 0.459189 0.442668 0.439632 0.438876 0.449219 0.464230 0.476444 0.489691 0.511170 0.534207 0.553247 0.560339 0.563013 0.561652 0.565125 0.569371 0.576389 0.583749 0.595506 0.598958 0.608025 0.627481 0.661388 0.701363 0.727077 0.733342 0.730509 0.728825 0.739976 0.753258 0.754536 0.703827 0.713659 0.787708 0.851182 0.867429 0.877587 0.908934 0.934317 0.941487 0.881236 0.822166 0.830016 0.878653 0.919154 0.963481 1.029587 1.104018 1.170465 1.205667 1.219078
-0.007705 -0.005102 -0.005179 0.533314 0.461664 0.518012 0.517624 0.497284 0.489772 0.477272 0.466287 0.447851 0.451351 0.452276 0.452959 0.460538 0.469299 0.479022 0.493415 0.511162 0.536989 0.560016 0.575466 0.579705 0.583150 0.589246 0.598171 0.606634 0.614370 0.623483 0.631152 0.635107 0.643573 0.665871 0.705450 0.727237 0.717539 0.701122 0.698818 0.708251 0.744182 0.782981 0.808690 0.840854 0.865063 0.888497 0.919944 0.928856 0.904183 0.915044 0.927975 0.918361 0.895397 0.855107 0.865984 0.895337 0.931249 0.978331 1.072575 1.148072 1.198029 1.219144 1.224737
0.001110 -0.002367 0.518324 0.425286 0.485005 0.487227 0.495818 0.514882 0.507977 0.500605 0.483185 0.474045 0.476186 0.474157 0.476935 0.480029 0.489555 0.503555 0.521323 0.538771 0.559605 0.577378 0.591560 0.598399 0.611178 0.618713 0.626818 0.627921 0.630632 0.636738 0.643401 0.648875 0.663908 0.685714 0.695788 0.681630 0.670429 0.657691 0.641676 0.638474 0.687533 0.730397 0.813849 0.894503 0.942391 0.972677 0.993847 0.960652 0.914327 0.902112 0.914362 0.894675 0.885032 0.872902 0.882807 0.918594 0.958909 1.013025 1.106404 1.163317 1.199136 1.210863 1.215708
0.318445 0.737263 0.525187 0.458998 0.481557 0.496740 0.512537 0.519624 0.510752 0.494247 0.484970 0.476763 0.479557 0.484567 0.494541 0.508973 0.528538 0.545381 0.558532 0.565562 0.577807 0.594608 0.612406 0.622325 0.628126 0.633121 0.636476 0.631062 0.635765 0.644328 0.665378 0.682930 0.692149 0.686742 0.661715 0.642212 0.633888 0.628372 0.618579 0.615911 0.666716 0.679227 0.766534 0.877447 0.949382 0.996651 0.998110 0.948300 0.915491 0.898468 0.897170 0.882501 0.850784 0.829488 0.867605 0.922616 0.978349 1.051419 1.126660 1.177212 1.200005 1.208745 1.205432
0.606402 0.650960 0.546030 0.440897 0.457259 0.506057 0.507529 0.513139 0.493937 0.483542 0.477907 0.477181 0.488546 0.503447 0.522722 0.544086 0.563216 0.575275 0.581047 0.582307 0.593385 0.612106 0.631635 0.632206 0.636975 0.640347 0.642626 0.642298 0.642391 0.664106 0.692550 0.700993 0.688201 0.652505 0.632021 0.617268 0.616817 0.614248 0.609499 0.621480 0.664602 0.707516 0.754601 0.854370 0.920675 0.959137 0.977047 0.949862 0.918337 0.899812 0.903841 0.878931 0.824043 0.801456 0.854440 0.934993 1.000782 1.075060 1.142225 1.181952 1.197672 1.191459 1.188400
0.416924 0.509323 0.483950 0.418160 0.465819 0.491679 0.493170 0.480808 0.472876 0.471502 0.473753 0.479555 0.498241 0.522004 0.558486 0.582605 0.595317 0.598396 0.597985 0.599053 0.613638 0.635729 0.640498 0.635885 0.642163 0.646354 0.648767 0.648416 0.647859 0.669036 0.685425 0.677896 0.644074 0.617084 0.600904 0.593941 0.593645 0.588011 0.590408 0.612572 0.653322 0.697863 0.736147 0.788293 0.888558 0.934717 0.961925 0.966902 0.957589 0.959541 0.960847 0.923558 0.868949 0.831773 0.875916 0.945365 1.011594 1.085268 1.141571 1.180404 1.191956 1.177342 1.159601
0.497908 0.532337 0.586172 0.533109 0.479759 0.480712 0.458141 0.469422 0.492691 0.515769 0.526019 0.522427 0.526726 0.545979 0.582631 0.598409 0.605982 0.609569 0.611050 0.615036 0.635966 0.642900 0.638832 0.634022 0.639304 0.643412 0.646026 0.635224 0.639863 0.649132 0.652473 0.625507 0.596020 0.578054 0.570707 0.568119 0.568418 0.567935 0.569865 0.596064 0.658609 0.713112 0.760384 0.750160 0.790712 0.906977 0.943859 0.955736 1.006882 1.029532 1.033164 1.000410 0.944197 0.904007 0.917155 0.966957 1.020696 1.087564 1.133582 1.160448 1.175275 1.154415 1.124281
0.608890 0.651298 0.575979 0.519593 0.468507 0.440225 0.450418 0.515463 0.569230 0.596975 0.604285 0.599065 0.593471 0.592307 0.602426 0.603051 0.617502 0.625231 0.627119 0.636770 0.646735 0.645760 0.642194 0.639993 0.641873 0.641787 0.641079 0.626363 0.620107 0.619870 0.608769 0.582811 0.560690 0.551247 0.554660 0.563801 0.571478 0.573387 0.580567 0.617661 0.675442 0.735594 0.788020 0.805498 0.764448 0.843818 0.929013 0.903010 0.964253 1.043003 1.058585 1.044233 0.987366 0.947941 0.950622 0.973802 1.022942 1.078317 1.114483 1.140431 1.153506 1.138560 1.100770
0.623384 0.570790 0.498940 0.460527 0.416941 0.422269 0.519296 0.588834 0.611913 0.620187 0.623594 0.624433 0.623273 0.612156 0.605776 0.610865 0.628030 0.632945 0.635759 0.637789 0.638879 0.635586 0.636682 0.641102 0.647936 0.643095 0.636904 0.618886 0.599313 0.588394 0.582474 0.564864 0.549645 0.541962 0.548160 0.563768 0.575525 0.580943 0.592650 0.638187 0.691711 0.761621 0.810159 0.825334 0.790051 0.751771 0.898399 0.924503 0.922763 1.009243 1.048952 1.039005 0.988137 0.953554 0.956359 0.974085 1.019856 1.060241 1.087360 1.113875 1.125978 1.115642 1.084612
0.550607 0.517442 0.420065 0.369448 0.393195 0.496168 0.578662 0.614547 0.635909 0.643724 0.642170 0.639801 0.635454 0.622805 0.611070 0.618811 0.633029 0.637130 0.635272 0.626387 0.625421 0.625305 0.628837 0.639735 0.649231 0.646008 0.631949 0.616971 0.592784 0.575052 0.562304 0.549259 0.540556 0.541556 0.544508 0.560676 0.573527 0.581640 0.598029 0.640661 0.692777 0.761594 0.811953 0.831917 0.807842 0.726548 0.744201 0.903989 0.932240 0.961408 1.002692 1.002021 0.968187 0.947373 0.944378 0.958905 1.002522 1.035852 1.052712 1.080446 1.096128 1.086276 1.063607
0.527471 0.508861 0.360115 0.351227 0.471180 0.559410 0.603999 0.634520 0.652567 0.656879 0.658203 0.649691 0.643186 0.629282 0.617904 0.616629 0.630831 0.636036 0.629353 0.612978 0.613852 0.619500 0.624589 0.630536 0.642222 0.640500 0.629168 0.609876 0.595895 0.579447 0.567887 0.556865 0.550539 0.549966 0.554129 0.565542 0.577514 0.585027 0.597248 0.632899 0.682605 0.729282 0.778344 0.798918 0.793178 0.777873 0.734895 0.721095 0.867477 0.927609 0.945154 0.948000 0.937719 0.923240 0.919570 0.927961 0.963008 1.002728 1.021548 1.025757 1.047171 1.037376 1.013438
