public/ISAM/temp_asc/temp-2024-07-20T00-00-00.asc
ncols         120
nrows         120
xllcorner     110.0
yllcorner     3.0
cellsize      0.25
NODATA_value  0.0
[rows 52 to 77 of 120, columns 60 to 119 of 120]
30.092882 30.172514 30.019258 29.790150 29.676636 29.556875 29.438898 29.338240 29.325283 29.300783 29.256353 29.237955 29.212885 29.251841 29.328012 29.388788 29.281431 29.282251 29.347797 29.420164 29.423651 29.447495 29.454863 29.388865 29.284355 29.169945 29.124914 29.132204 29.124228 29.112741 29.145781 29.195822 29.185953 29.198971 29.283640 29.369349 29.419184 29.465544 29.512766 29.466238 29.358137 29.325174 29.300764 29.214262 29.151522 29.150343 29.089823 29.119242 29.268652 29.373354 29.299137 29.305983 29.389906 29.387272 29.368887 29.421877 29.462727 29.486509 29.377308 29.345480
30.076578 30.102766 29.916718 29.641096 29.546713 29.469099 29.450157 29.419306 29.383654 29.333605 29.298491 29.307102 29.283766 29.327494 29.402636 29.453657 29.453985 29.352745 29.365986 29.358427 29.358961 29.403765 29.448212 29.455767 29.430616 29.419966 29.416389 29.421515 29.406828 29.383736 29.357096 29.333672 29.294882 29.325010 29.470182 29.555887 29.536398 29.562210 29.618879 29.553122 29.456087 29.502584 29.524263 29.395819 29.254292 29.180609 29.093777 29.072414 29.206507 29.250170 29.220472 29.239412 29.326153 29.335114 29.337225 29.394087 29.451368 29.480736 29.398565 29.371487
29.940908 29.891123 29.737318 29.584970 29.549154 29.495378 29.495733 29.465803 29.425611 29.395031 29.467916 29.547764 29.480202 29.382429 29.470583 29.491385 29.477354 29.395323 29.353773 29.317053 29.298597 29.344027 29.431307 29.493549 29.510174 29.532911 29.561724 29.561121 29.494383 29.416796 29.411478 29.378277 29.346191 29.398781 29.554817 29.604837 29.595354 29.684885 29.794546 29.731207 29.544836 29.586855 29.634283 29.485926 29.274408 29.199818 29.114817 29.086239 29.152870 29.136723 29.157309 29.240208 29.320986 29.348455 29.370440 29.434149 29.484604 29.495001 29.398283 29.371305
29.789408 29.715979 29.657820 29.609324 29.587555 29.569105 29.598202 29.532209 29.425467 29.425180 29.563288 29.592676 29.545013 29.441492 29.408468 29.479240 29.453699 29.441339 29.328102 29.302647 29.300741 29.359472 29.444262 29.471136 29.485628 29.516781 29.515676 29.460867 29.414923 29.439741 29.472115 29.463415 29.441904 29.492891 29.565399 29.564077 29.559301 29.663595 29.794817 29.815336 29.641783 29.578234 29.644049 29.507353 29.322447 29.238556 29.128798 29.087418 29.054104 29.069876 29.129925 29.236717 29.337624 29.385101 29.470404 29.544271 29.580622 29.550608 29.456963 29.419218
29.754053 29.672361 29.643347 29.611265 29.599173 29.585802 29.640440 29.589382 29.475534 29.459135 29.479849 29.518723 29.488974 29.406801 29.347902 29.409019 29.397787 29.370115 29.341028 29.291498 29.283617 29.330750 29.386461 29.449324 29.451151 29.468010 29.490686 29.514769 29.522417 29.543974 29.556763 29.564205 29.571798 29.616674 29.615458 29.590124 29.583315 29.637094 29.738394 29.774883 29.696026 29.547770 29.577684 29.530499 29.366732 29.230635 29.078562 28.996698 28.939974 28.952749 29.024948 29.172323 29.314844 29.365128 29.497856 29.623857 29.658796 29.625954 29.485857 29.446962
29.776140 29.697424 29.671379 29.604847 29.556602 29.536064 29.625521 29.624640 29.554548 29.487825 29.470835 29.458858 29.429682 29.331610 29.276161 29.287489 29.319933 29.301538 29.329632 29.276487 29.265640 29.351013 29.423628 29.481874 29.515385 29.554939 29.570322 29.569777 29.557035 29.542780 29.527384 29.523924 29.557043 29.623713 29.662630 29.686222 29.696571 29.707470 29.678442 29.707146 29.693697 29.563311 29.484480 29.536749 29.426653 29.207949 29.035345 28.894508 28.829313 28.809633 28.912691 29.093687 29.209345 29.276266 29.443686 29.610781 29.643263 29.611853 29.508060 29.455627
29.714046 29.608961 29.573704 29.536421 29.506596 29.506109 29.554995 29.561262 29.567968 29.517462 29.495287 29.435518 29.393316 29.250484 29.219889 29.251467 29.275066 29.286608 29.340275 29.355005 29.335947 29.367247 29.456736 29.524513 29.576723 29.609987 29.597029 29.585270 29.582888 29.565500 29.541357 29.528597 29.540209 29.568466 29.578543 29.610563 29.629166 29.626127 29.582424 29.632448 29.678818 29.632627 29.439980 29.448322 29.426550 29.285185 29.120478 28.934322 28.766542 28.730753 28.848818 29.004753 29.162521 29.257368 29.431120 29.633410 29.652056 29.604517 29.533123 29.493090
29.601370 29.540926 29.546633 29.505424 29.452021 29.446329 29.507208 29.520533 29.494867 29.431072 29.411007 29.365458 29.262138 29.113403 29.121202 29.186167 29.230757 29.276159 29.340454 29.369551 29.403345 29.412117 29.459639 29.486750 29.521309 29.551451 29.551409 29.571531 29.608427 29.626804 29.623814 29.614351 29.603651 29.595121 29.549360 29.507946 29.503195 29.502193 29.466906 29.475342 29.588308 29.618357 29.526499 29.425505 29.390284 29.273399 29.117990 28.911177 28.725489 28.698374 28.819286 28.962183 29.122766 29.247232 29.424847 29.655272 29.689722 29.623989 29.576912 29.567667
29.668707 29.614235 29.587328 29.508043 29.470587 29.470230 29.511946 29.503277 29.450903 29.377773 29.321333 29.222715 29.048676 28.971451 29.029335 29.112099 29.185568 29.232038 29.293627 29.345610 29.410982 29.444174 29.475971 29.496061 29.522310 29.541121 29.543997 29.583204 29.629868 29.658056 29.661947 29.664612 29.655764 29.637693 29.577341 29.539724 29.532738 29.523783 29.483614 29.454683 29.523510 29.617231 29.637657 29.546114 29.458323 29.334902 29.163321 28.956976 28.773283 28.852180 28.959833 29.033937 29.150150 29.286840 29.473450 29.744333 29.768393 29.670420 29.609266 29.619572
29.668083 29.584110 29.572725 29.574545 29.517199 29.451666 29.464624 29.426737 29.361292 29.277996 29.184782 29.041916 28.931738 28.907438 28.973927 29.061178 29.130014 29.186152 29.257193 29.318199 29.382101 29.437326 29.470564 29.503374 29.538778 29.581514 29.592100 29.626493 29.660448 29.682457 29.668524 29.627520 29.589205 29.539915 29.479830 29.444593 29.452950 29.488977 29.485605 29.478605 29.510725 29.600599 29.658945 29.683832 29.572470 29.475069 29.318796 29.121317 29.043791 29.091507 29.168972 29.225664 29.264177 29.389120 29.589739 29.804861 29.843065 29.692774 29.638514 29.649580
29.566692 29.474485 29.520357 29.565662 29.458166 29.322308 29.323784 29.317713 29.264614 29.181490 29.107428 28.987520 28.944017 28.921019 28.976645 29.037634 29.065832 29.116798 29.208788 29.276773 29.357389 29.411764 29.438738 29.457703 29.470640 29.516634 29.546223 29.595663 29.622385 29.645334 29.609156 29.528177 29.428265 29.355516 29.282751 29.257444 29.321245 29.418394 29.499159 29.558546 29.612261 29.694044 29.714941 29.769083 29.745977 29.609476 29.457001 29.320112 29.239527 29.231159 29.290737 29.397314 29.473289 29.501261 29.628447 29.824680 29.863297 29.710390 29.637396 29.650175
29.692429 29.488523 29.502405 29.490623 29.374001 29.225103 29.216288 29.211206 29.179192 29.106249 29.035833 29.024927 28.989923 28.975767 29.003439 28.989424 28.978476 29.013151 29.081373 29.144613 29.223108 29.279882 29.298260 29.298016 29.311134 29.377249 29.423494 29.461113 29.473835 29.500818 29.470524 29.382048 29.283106 29.231426 29.177412 29.165873 29.223864 29.353163 29.486994 29.619116 29.717558 29.766768 29.762976 29.748201 29.741381 29.697252 29.574652 29.430727 29.362242 29.354963 29.411482 29.502886 29.604582 29.611677 29.636395 29.824724 29.859102 29.705349 29.660154 29.675220
29.838198 29.658175 29.475050 29.431543 29.328928 29.196156 29.153563 29.105146 29.036119 28.957407 29.011515 29.013826 29.020449 29.031610 29.043600 28.994148 28.982609 29.007921 29.043982 29.065786 29.087248 29.138868 29.181519 29.226448 29.286310 29.393656 29.478117 29.481394 29.430223 29.419809 29.394152 29.285620 29.217339 29.188288 29.170523 29.148321 29.217226 29.331047 29.441549 29.579420 29.680359 29.687309 29.628771 29.616674 29.616858 29.617735 29.566019 29.540255 29.526476 29.519625 29.520418 29.587320 29.656401 29.678190 29.688974 29.831142 29.836729 29.693933 29.634548 29.663626
29.793486 29.647503 29.471178 29.362177 29.246267 29.100332 28.995008 28.903944 28.843948 28.842791 28.933043 28.997896 29.052492 29.062290 29.081804 29.048407 29.054281 29.053003 29.030489 29.012312 29.021494 29.048300 29.097673 29.167391 29.249033 29.366949 29.478308 29.445349 29.328863 29.327002 29.323919 29.219133 29.136549 29.116392 29.093534 29.126207 29.179008 29.260935 29.328226 29.441263 29.518721 29.544647 29.496603 29.485682 29.497400 29.526640 29.518335 29.546122 29.577579 29.601004 29.603411 29.627707 29.667961 29.673143 29.680391 29.786043 29.759695 29.604944 29.568790 29.599569
29.628546 29.597673 29.549089 29.303183 29.171503 29.028555 28.881342 28.794939 28.733255 28.788771 28.891932 29.001093 29.034109 29.069101 29.097090 29.101151 29.104650 29.111925 29.080223 29.039457 29.014612 29.041506 29.042645 29.096754 29.161858 29.283468 29.402624 29.372141 29.249981 29.281073 29.328051 29.266455 29.191404 29.137308 29.099886 29.135115 29.226910 29.323608 29.393305 29.498571 29.599356 29.633034 29.591585 29.565296 29.548258 29.564756 29.562626 29.592291 29.614256 29.634497 29.599527 29.583803 29.589790 29.589687 29.613253 29.682096 29.624788 29.503345 29.485254 29.513674
29.609789 29.580170 29.626303 29.450815 29.309134 29.137503 28.974489 28.839254 28.796499 28.783148 28.882734 28.966177 29.042070 29.100351 29.183455 29.203119 29.214334 29.216166 29.180651 29.114485 29.052254 29.012712 29.008753 29.063978 29.112780 29.203001 29.318640 29.322454 29.189537 29.217123 29.284008 29.253723 29.181368 29.126848 29.092384 29.170269 29.289751 29.413635 29.509148 29.600206 29.668619 29.659441 29.577024 29.494589 29.459200 29.469271 29.480131 29.519308 29.565310 29.578585 29.529959 29.481394 29.463129 29.461100 29.487049 29.518251 29.451349 29.387739 29.396471 29.427872
29.736364 29.671434 29.632149 29.558159 29.421108 29.266937 29.104986 28.959909 28.882338 28.822695 28.880590 28.958469 29.038988 29.150217 29.272297 29.344395 29.358019 29.339048 29.235882 29.129669 29.020662 28.983057 28.958403 29.028393 29.094625 29.172901 29.277269 29.293367 29.166971 29.158321 29.194551 29.161398 29.102449 29.058241 29.045752 29.111052 29.225332 29.352865 29.444992 29.498213 29.507898 29.452478 29.349033 29.252855 29.220869 29.241800 29.268368 29.336016 29.431473 29.475809 29.441227 29.408110 29.403608 29.398329 29.410421 29.397243 29.297956 29.300871 29.298048 29.317373
29.740995 29.664682 29.612528 29.539701 29.442728 29.344343 29.230484 29.128117 29.033014 28.948969 28.974955 28.999029 29.057037 29.163136 29.299833 29.377220 29.382998 29.352167 29.226685 29.068537 29.018368 29.007826 28.995359 29.025156 29.084269 29.132652 29.223745 29.220675 29.146238 29.140642 29.155987 29.127588 29.077333 29.048407 29.030453 29.064007 29.123581 29.202864 29.261021 29.295549 29.288191 29.230289 29.146448 29.103878 29.110182 29.131165 29.151636 29.214552 29.303102 29.377768 29.361284 29.343571 29.316885 29.293741 29.260859 29.203268 29.169794 29.211813 29.207647 29.217142
29.733484 29.663004 29.625814 29.597404 29.619696 29.546904 29.467302 29.370291 29.241423 29.196260 29.145666 29.108999 29.106707 29.206722 29.329405 29.426071 29.435837 29.434513 29.287733 29.137093 29.101023 29.122599 29.089649 29.105669 29.140137 29.179344 29.241728 29.205673 29.175714 29.161697 29.178213 29.157413 29.095650 29.066490 29.061720 29.099728 29.114561 29.163652 29.187422 29.222534 29.218306 29.193933 29.149021 29.152866 29.141970 29.163517 29.178404 29.250343 29.320478 29.338602 29.269180 29.222033 29.182547 29.141832 29.098768 29.101036 29.134153 29.183809 29.160212 29.162199
29.822515 29.744865 29.772709 29.869387 29.875624 29.786207 29.695665 29.584925 29.493773 29.400084 29.273024 29.138689 29.085062 29.145313 29.279011 29.392363 29.460882 29.504536 29.404676 29.256382 29.240623 29.221891 29.182981 29.181208 29.227819 29.258736 29.275518 29.214659 29.172373 29.147583 29.151888 29.130793 29.073141 29.035318 29.050999 29.105276 29.130838 29.160826 29.160337 29.200953 29.213121 29.190910 29.142017 29.148623 29.156202 29.173513 29.193487 29.260691 29.253435 29.210485 29.131193 29.103008 29.097204 29.076777 29.045649 29.070147 29.100565 29.146200 29.131956 29.139502
30.003136 29.974800 29.972652 30.013777 29.980537 29.909132 29.844904 29.772097 29.700880 29.550543 29.345736 29.118860 29.031071 29.074665 29.173691 29.297308 29.419590 29.518929 29.459204 29.351702 29.343508 29.340441 29.281256 29.273312 29.330910 29.315218 29.269785 29.268856 29.201288 29.163599 29.154289 29.138014 29.052048 29.004797 29.054041 29.095900 29.104277 29.115971 29.115206 29.160458 29.169470 29.119932 29.077932 29.114973 29.158480 29.183590 29.213747 29.180134 29.132730 29.128977 29.090837 29.094076 29.107193 29.078642 29.046373 29.056124 29.096338 29.144283 29.109423 29.120184
30.110598 30.101063 30.096041 30.068861 30.021490 29.972965 29.959881 29.922121 29.844694 29.647448 29.407675 29.217974 29.161507 29.195169 29.293455 29.354853 29.454878 29.554579 29.514982 29.431284 29.446863 29.399618 29.320387 29.383112 29.398153 29.338369 29.331259 29.290636 29.221245 29.200836 29.202131 29.159563 29.061769 29.019388 29.085669 29.082962 29.063202 29.048292 29.046602 29.073544 29.121973 29.076395 29.073172 29.113483 29.189516 29.244230 29.210554 29.109421 29.134054 29.132870 29.097891 29.093348 29.088091 29.049757 29.018324 29.044794 29.104889 29.122433 29.094152 29.105389
30.125044 30.164110 30.161116 30.128410 30.098476 30.060789 30.038126 30.009352 29.924061 29.761103 29.533609 29.398123 29.345991 29.406908 29.525589 29.603949 29.659931 29.719980 29.669474 29.594650 29.570669 29.443445 29.386381 29.470421 29.443308 29.382608 29.405752 29.332815 29.282846 29.272150 29.273762 29.228067 29.145365 29.123140 29.182467 29.175882 29.120770 29.087553 29.088972 29.121189 29.171034 29.175543 29.185705 29.236731 29.309927 29.367369 29.263102 29.221350 29.242964 29.235830 29.171658 29.160166 29.138140 29.097136 29.058962 29.099567 29.140337 29.155611 29.112841 29.114458
30.073099 30.221888 30.284704 30.298573 30.287966 30.239145 30.188593 30.146441 30.046183 29.814928 29.622763 29.519791 29.442308 29.477747 29.644823 29.772440 29.834425 29.867172 29.793842 29.761011 29.716364 29.549330 29.518293 29.565653 29.523359 29.474258 29.478718 29.392725 29.351816 29.354959 29.351368 29.293829 29.231272 29.222719 29.289263 29.272961 29.210741 29.178505 29.177591 29.188217 29.225496 29.313131 29.327681 29.376856 29.442738 29.468876 29.384264 29.339399 29.359507 29.342390 29.281046 29.277445 29.257240 29.188688 29.111509 29.143164 29.181711 29.181658 29.144278 29.148472
30.094629 30.158720 30.234209 30.273920 30.290079 30.264868 30.238707 30.188688 30.055655 29.812963 29.669489 29.553476 29.458200 29.479219 29.634275 29.776834 29.875696 29.900564 29.813818 29.865587 29.817432 29.673452 29.636789 29.660521 29.627775 29.566769 29.505726 29.465746 29.427790 29.439653 29.432854 29.365091 29.306978 29.302584 29.342173 29.321827 29.264261 29.230267 29.236475 29.250996 29.261980 29.335653 29.399174 29.459084 29.526674 29.561853 29.530266 29.483175 29.487261 29.440359 29.388269 29.399824 29.388617 29.320791 29.215525 29.202679 29.211794 29.210546 29.137224 29.138212
30.159586 30.238939 30.197409 30.113966 30.071959 30.043188 30.036108 30.041882 29.968397 29.818144 29.711649 29.630835 29.583841 29.586155 29.715376 29.810087 29.870447 29.870485 29.848267 29.904825 29.885466 29.732405 29.698328 29.692507 29.630545 29.546568 29.542234 29.533545 29.512922 29.510082 29.507465 29.441916 29.379797 29.380127 29.384815 29.346802 29.283010 29.259905 29.305296 29.319326 29.331612 29.386097 29.447008 29.484552 29.551508 29.599976 29.597055 29.546249 29.487421 29.428699 29.407200 29.425325 29.434761 29.388317 29.328482 29.290277 29.288149 29.261656 29.186729 29.168097
