public/ISAM/temp_asc/temp-2024-07-20T00-00-00.asc
ncols         120
nrows         120
xllcorner     110.0
yllcorner     3.0
cellsize      0.25
NODATA_value  0.0
[rows 78 to 103 of 120, columns 0 to 59 of 120]
30.015226 29.855143 29.287657 29.227156 29.106665 28.994513 28.777620 28.782269 29.026236 29.264751 29.444040 29.581339 29.535677 29.455534 29.579721 29.798044 29.517591 29.289434 29.220934 29.327375 29.393847 29.388231 29.419657 29.553768 29.595144 29.528952 29.488852 29.489904 29.571867 29.645395 29.707216 29.763453 29.855238 29.926596 29.936182 30.027487 30.021168 30.037035 30.018906 30.061998 30.123264 29.979258 30.064924 30.182714 30.182238 30.478085 30.726044 30.655348 -0.003239 30.776808 0.010305 30.626490 -0.002918 0.001455 -0.003731 30.362957 30.264835 30.515295 30.431190 30.266592
29.647959 29.614693 28.974726 28.901491 28.606443 28.245131 28.513838 28.812784 28.933378 29.098909 29.233837 29.324141 29.344988 29.295759 29.400171 29.641607 29.499823 29.261909 29.213949 29.239988 29.289316 29.296045 29.311876 29.373487 29.420179 29.413969 29.375051 29.381001 29.432953 29.524698 29.590092 29.674234 29.742094 29.844248 29.879250 29.865252 29.915895 29.954969 29.924891 29.992149 30.174265 29.975515 30.004339 -0.001211 -0.000175 -0.001723 30.651083 30.600958 -0.002627 30.622410 30.765957 30.549913 30.275118 30.272757 -0.001162 0.001854 29.854101 30.263845 30.275736 30.012398
29.677105 29.544054 28.898737 28.332272 27.900974 28.140856 28.498709 28.695288 28.877422 29.033754 29.092073 29.174713 29.220161 29.187048 29.253805 29.424356 29.438812 29.259401 29.150145 29.164381 29.188307 29.221060 29.216368 29.233023 29.238035 29.283918 29.277533 29.319117 29.394487 29.511930 29.582119 29.664450 29.715780 29.724421 29.823637 29.721146 29.757364 29.777555 29.758501 29.809336 29.941156 29.968489 29.924597 30.060026 -0.001003 -0.001892 30.633610 30.604349 30.560320 30.521524 30.441301 30.171406 30.099566 30.266863 30.168219 0.001971 -0.008137 30.157230 29.691521 29.627974
29.724850 29.397554 28.241079 27.621052 27.826626 28.274359 28.555340 28.743368 28.926504 29.052748 29.102743 29.141794 29.152473 29.080496 29.063898 29.134510 29.161398 29.053705 29.000595 29.068830 29.046240 29.113234 29.133265 29.108198 29.132284 29.181936 29.212454 29.304049 29.396618 29.467621 29.549225 29.607468 29.647909 29.688387 29.733133 29.710398 29.700266 29.740421 29.661528 29.574909 29.635801 29.874683 29.991747 29.978426 0.003228 0.003636 30.596895 30.464785 30.325762 30.235006 30.048380 29.881891 29.837469 29.856615 30.028822 29.888227 0.007523 30.033030 29.525396 29.511969
29.396126 28.325964 27.271482 27.598711 28.090124 28.532106 28.695219 28.868109 29.022467 29.120203 29.113525 29.099789 29.053751 28.984114 28.943237 29.035017 29.065825 29.072367 29.064354 29.052294 29.047855 29.116373 29.116270 29.093966 29.138807 29.228502 29.285086 29.391903 29.431801 29.451469 29.498657 29.553778 29.536333 29.600294 29.692869 29.797235 29.788479 29.808035 29.664652 29.600710 29.689856 29.796484 29.895510 29.847464 0.000609 0.001492 30.344082 30.191740 29.950312 30.136564 0.003371 30.036520 29.915285 0.005682 30.059238 -0.003735 30.098562 29.864252 0.006154 -0.000917
27.654934 27.455923 27.469370 27.905804 28.384855 28.621859 28.799459 28.933336 29.031361 29.038748 28.979029 28.921774 28.897091 28.907356 28.944185 29.041059 29.105360 29.117765 29.039074 29.017584 29.057123 29.059851 29.037809 29.024254 29.159834 29.239981 29.321177 29.446222 29.466677 29.470720 29.528555 29.606485 29.588041 29.594452 29.697603 29.733324 29.726971 29.708437 29.594980 29.564333 -0.002764 30.104586 29.966021 29.884565 29.782190 30.207907 30.077974 29.785143 0.003720 30.157640 30.229753 30.135859 29.962332 0.004586 0.007071 -0.004514 29.915396 29.842913 0.002137 0.000769
27.421284 27.889994 28.051058 28.342222 28.528162 28.692770 28.924654 29.001814 28.993790 28.951700 28.868563 28.793116 28.751085 28.797758 28.860453 28.933126 28.963232 28.923615 28.915480 28.985640 29.011698 29.031286 29.005430 29.079088 29.181236 29.236555 29.301718 29.449472 29.457504 29.443630 29.522326 29.630678 29.614576 29.590349 29.607109 29.584249 29.590879 29.553671 29.411123 29.230780 0.001469 0.006546 29.866251 29.842239 29.735579 30.045389 30.003416 29.652582 29.887272 30.213587 30.116865 30.177481 30.178022 0.000258 30.603907 0.002931 -0.003368 30.108532 30.194946 -0.001669
27.515953 28.090933 28.530718 28.499172 28.563757 28.755095 28.938814 28.925011 28.848635 28.757696 28.658653 28.564356 28.539171 28.560534 28.608030 28.635942 28.682407 28.752882 28.858416 28.920073 28.983431 29.058167 29.098837 29.160765 29.235416 29.267900 29.300642 29.378391 29.456476 29.420166 29.461300 29.571295 29.560650 29.530783 29.500586 29.511610 29.486719 29.387283 29.382713 29.348726 -0.003010 29.727821 29.788347 29.591078 29.580145 29.743784 29.944727 29.642618 29.517015 0.000106 30.051870 30.040348 30.087957 30.285830 30.296129 30.414656 30.215450 30.251104 30.274828 30.366671
27.608770 28.211418 28.652155 28.653582 28.699205 28.937643 29.012026 28.911201 28.742619 28.603308 28.500492 28.428375 28.440023 28.476702 28.552465 28.671125 28.737734 28.842331 28.919609 28.994293 29.040094 29.104744 29.160572 29.215425 29.257547 29.279047 29.341852 29.384100 29.453714 29.457392 29.463049 29.532705 29.543011 29.524195 29.504831 29.535467 29.483507 29.406210 29.495428 29.557219 29.582405 29.548229 29.575535 29.583546 29.606543 29.547588 29.544909 29.589468 29.014288 -0.001738 -0.000169 -0.006558 30.576244 30.067335 30.108860 30.212236 30.137156 30.261566 -0.006721 30.184874
28.127546 28.465555 28.853125 28.924116 28.980547 29.124680 29.139738 28.981874 28.834978 28.686193 28.586885 28.530718 28.562443 28.592140 28.651724 28.735117 28.805056 28.901281 29.001890 29.041765 29.025003 29.109785 29.224657 29.269920 29.264853 29.304491 29.332041 29.339865 29.378435 29.445312 29.446215 29.502939 29.543631 29.550510 29.536947 29.503534 29.368675 29.318184 -0.000461 29.747828 29.646431 29.540909 29.420355 29.613565 29.669188 29.559885 29.563528 29.627932 29.423105 -0.003678 -0.002021 0.004141 -0.005946 29.912214 30.085688 0.005311 -0.003000 30.213434 0.004768 0.007077
28.585630 28.755316 28.983385 29.117596 29.194651 29.270182 29.242903 29.106169 28.972769 28.840033 28.764595 28.707224 28.694735 28.686613 28.687010 28.748329 28.744242 28.748789 28.918787 29.021406 29.045698 29.137838 29.276285 29.339388 29.316679 29.349474 29.353159 29.324350 29.289701 29.418875 29.462599 29.551626 29.604250 29.621237 29.540257 29.398462 29.218349 29.251806 -0.004620 0.006289 29.705008 29.472979 29.329456 29.566902 29.624243 29.465206 29.481806 29.644348 29.725859 0.001105 0.001599 -0.009710 29.815702 30.100554 30.187653 30.165884 0.004919 30.460493 0.004616 0.001541
28.865696 29.023554 29.070633 29.227795 29.318529 29.339018 29.317472 29.229639 29.068541 28.920149 28.825041 28.767813 28.757727 28.710608 28.668848 28.685995 28.698503 28.736490 28.893293 29.022058 29.062372 29.141314 29.280478 29.323637 29.349092 29.403280 29.424557 29.350538 29.321352 29.439165 29.564161 29.667635 29.725416 29.705999 29.613153 29.457083 29.588762 29.514225 0.001045 29.947840 29.644320 29.403528 29.260904 29.429140 29.428261 29.352381 29.281145 29.530630 0.000459 -0.000659 0.002202 29.895533 -0.003778 -0.004815 -0.008489 30.061611 -0.000983 30.596668 0.000470 30.454885
29.208101 29.302069 29.202375 29.272341 29.370939 29.369308 29.334604 29.305403 29.168949 29.050558 28.965044 28.868660 28.842831 28.798281 28.752813 28.770353 28.764048 28.860071 29.004679 29.151745 29.165724 29.240208 29.340860 29.352213 29.370661 29.429224 29.472462 29.414927 29.408972 29.498507 29.616564 29.684633 29.728712 29.712475 29.689795 29.594316 29.727194 29.875883 0.001358 -0.001932 29.858297 29.537523 29.377546 29.517733 29.526148 29.462353 29.431665 29.530043 0.011048 29.596655 29.407579 29.756758 0.003811 0.000135 30.086468 -0.005012 0.000251 30.439051 30.507833 30.373627
29.488890 29.434914 29.369699 29.296816 29.430786 29.404131 29.384184 29.354471 29.302999 29.233288 29.168768 29.046206 28.975397 28.933428 28.885891 28.889429 28.921970 28.996027 29.170547 29.306044 29.337919 29.374222 29.424410 29.407000 29.400509 29.451880 29.488470 29.471884 29.477047 29.599028 29.716394 29.707876 29.675381 29.632730 29.533789 29.651592 -0.002155 0.002274 29.914515 29.902994 29.826109 29.577223 29.539911 29.651091 29.699032 29.659842 29.773088 29.738230 29.607471 29.600698 29.607344 29.756907 -0.001027 -0.000553 29.954304 0.000617 -0.003511 30.910471 30.700327 30.402838
29.520319 29.452444 29.362703 29.311224 29.410433 29.457699 29.425692 29.379179 29.351805 29.311947 29.267801 29.190821 29.123453 29.080137 29.015070 29.035917 29.071598 29.118130 29.252052 29.362074 29.436190 29.441687 29.432705 29.402208 29.398872 29.458757 29.482370 29.472105 29.482573 29.602552 29.633636 29.591555 29.662539 29.680574 29.607176 29.808489 0.001016 30.078058 29.823902 29.741373 29.757010 29.671062 29.609051 29.687004 29.726147 29.726980 29.796137 29.909750 29.685160 29.615061 29.625101 29.826534 0.000288 30.068396 -0.001401 30.143618 30.459425 0.000188 0.003945 30.319422
29.469522 29.406946 29.295603 29.293192 29.299397 29.415808 29.431318 29.414347 29.378820 29.361544 29.354498 29.330160 29.300711 29.216757 29.143814 29.163326 29.220407 29.220337 29.263151 29.395388 29.483835 29.454634 29.441607 29.418516 29.414228 29.471899 29.528734 29.528032 29.520819 29.532385 29.564655 29.547800 29.544016 29.783384 29.991781 30.262930 30.056353 29.931128 29.859888 29.752031 29.690042 29.673988 29.640932 29.682215 29.704554 29.726366 29.728643 29.778921 29.725019 29.622589 -0.004813 -0.000103 -0.002996 29.783838 -0.001494 30.125963 0.006593 -0.000402 -0.004153 30.171614
29.559332 29.410736 29.269636 29.261875 29.172949 29.246450 29.319632 29.372833 29.384270 29.395864 29.412027 29.434126 29.402851 29.298113 29.191900 29.239988 29.282732 29.248075 29.241653 29.441448 29.472561 29.422697 29.395014 29.426453 29.437977 29.505859 29.582773 29.598631 29.553366 29.571795 29.626892 29.553738 29.683096 30.046755 0.003092 29.921413 29.949137 29.804123 29.708685 29.618631 29.603058 29.581823 29.540205 29.586580 29.653284 29.664726 29.692579 29.746962 29.684017 29.699223 29.718643 0.000148 -0.003474 29.930094 29.961645 29.956205 30.004927 29.994917 30.235788 30.130667
29.554392 29.367132 29.273077 29.272814 29.182426 29.133635 29.191319 29.259394 29.326269 29.372625 29.412622 29.432859 29.455832 29.393232 29.268888 29.318241 29.374655 29.329844 29.284660 29.392174 29.434584 29.393898 29.412729 29.472761 29.473112 29.514647 29.567913 29.597239 29.578253 29.577814 29.622141 29.827845 -0.003331 0.001098 30.099504 29.707630 29.652693 29.653791 29.714113 29.714609 29.682224 29.634851 29.539896 29.545027 29.675299 29.709257 29.779593 29.824282 29.862509 29.919405 29.790033 29.698156 0.001670 -0.002856 -0.003296 29.857939 29.861528 29.999773 29.981356 30.111368
29.481024 29.333185 29.236044 29.269648 29.188532 29.123783 29.118494 29.186148 29.266264 29.302288 29.337261 29.382971 29.449347 29.440407 29.360659 29.372480 29.419464 29.388472 29.321932 29.356924 29.405371 29.398428 29.452147 29.545702 29.555138 29.572866 29.641973 29.636488 29.519783 29.633446 29.939123 0.000959 0.002567 29.848166 29.733721 29.791365 29.824329 29.862875 29.877966 29.857256 29.812613 29.731844 29.626749 29.609407 29.693041 29.756300 29.781963 29.837234 29.836855 29.821329 29.783415 29.686766 29.671192 29.815229 29.848320 29.785416 29.840580 29.914984 30.064459 30.118906
29.449286 29.285915 29.218708 29.274931 29.229660 29.129450 29.113955 29.174026 29.251009 29.307669 29.346308 29.406321 29.490763 29.509943 29.472681 29.427681 29.416241 29.403988 29.400314 29.401356 29.375334 29.388529 29.409018 29.482054 29.543991 29.646860 29.742907 29.743711 29.712427 29.742582 0.007814 -0.003525 29.803764 29.746735 29.690920 29.848888 29.914257 29.875998 29.852007 29.816629 29.786261 29.746901 29.709536 29.659510 29.729488 29.797564 29.801401 29.838219 29.818808 29.746920 29.742796 29.643305 29.661585 29.742174 29.918701 29.789591 29.858629 29.929451 30.080395 30.181612
29.505550 29.384676 29.303650 29.295238 29.235411 29.168247 29.142666 29.216398 29.323137 29.411161 29.449072 29.493013 29.563663 29.604980 29.589998 29.564692 29.513052 29.494350 29.521107 29.494829 29.407885 29.418686 29.438745 29.483696 29.501665 29.632639 29.795540 29.867697 29.725588 -0.004021 29.897594 29.916969 29.820013 29.704451 29.678486 29.935385 29.941858 29.792841 29.767080 29.779810 29.759310 29.759260 29.763449 29.717607 29.754606 29.834208 29.861246 29.877428 29.844042 29.742102 29.782423 29.667543 29.585840 0.002567 -0.002641 -0.005902 29.788166 29.924982 0.001952 -0.001373
29.537550 29.398355 29.309896 29.291262 29.248011 29.225143 29.228491 29.325571 29.431154 29.511560 29.516237 29.523623 29.605766 29.627871 29.599825 29.629301 29.631029 29.609493 29.650021 29.588434 29.466759 29.501776 29.649967 29.656082 29.638130 29.709826 29.793430 29.749302 29.852053 0.001930 29.984795 30.280956 30.034781 29.821432 29.840551 30.021326 29.956366 29.824038 29.825457 29.827703 29.817801 29.830009 29.853676 29.797930 29.794142 29.865732 29.925409 29.899574 29.873812 29.721363 29.761293 29.657217 29.734404 0.001066 0.003074 -0.000725 29.749722 -0.001834 0.003723 0.000458
29.514669 29.407591 29.322010 29.288141 29.266596 29.296324 29.327204 29.385059 29.501162 29.569307 29.574671 29.583960 29.661657 29.635752 29.608932 29.638544 29.665257 29.656160 29.699308 29.679579 29.545727 29.583118 29.783251 29.821974 29.794165 29.831274 29.825052 29.852495 0.003444 30.195950 30.302366 30.311422 30.180599 29.969351 29.957706 30.108837 29.978483 29.851545 29.849279 29.867374 29.870478 29.899466 29.939112 29.901503 29.858049 29.880928 29.914030 29.839102 29.710447 29.725361 0.005380 0.004355 0.004371 0.006569 0.009559 0.002598 0.003814 -0.001115 0.001875 -0.000736
29.545721 29.394400 29.328947 29.306974 29.317385 29.315416 29.322222 29.341150 29.533077 29.612928 29.602158 29.618605 29.708212 29.696909 29.661886 29.685619 29.721319 29.712973 29.758524 29.717310 29.614248 29.632442 29.749283 29.773796 29.808027 29.914488 29.913691 29.897339 30.135862 30.171528 30.209097 30.357834 30.285719 30.089602 30.157709 30.178116 30.007938 29.860464 29.843678 29.856070 29.898703 29.939602 29.984108 29.962027 29.914999 29.918993 29.902090 29.744596 29.688974 -0.003243 0.002509 30.014086 0.002841 0.001037 29.766302 29.705706 -0.005676 -0.003234 -0.002717 0.000231
29.564280 29.425379 29.361197 29.366758 29.350559 29.336794 29.339197 29.369745 29.487926 29.583187 29.579924 29.600531 29.677622 29.681776 29.652323 29.762442 29.843121 29.828947 29.806576 29.775011 29.694399 29.741285 29.798532 29.852407 29.850573 29.934031 29.985117 30.099894 30.202320 30.248251 30.273880 30.386246 30.363668 30.222368 30.284445 30.286352 30.086695 29.893600 29.833048 29.846209 29.893995 29.918695 29.951752 29.934046 29.910940 29.926630 29.903944 29.744734 29.734091 0.004448 30.106573 30.273249 30.202284 30.085329 29.907049 29.607321 29.589285 -0.002781 0.001684 0.000412
29.568506 29.441353 29.380919 29.429461 29.407730 29.395800 29.414217 29.475916 29.572460 29.626984 29.618231 29.612421 29.673971 29.642603 29.575417 29.647722 29.804121 29.803774 29.769018 29.732481 29.735918 29.789797 29.901857 29.950048 30.021704 30.072189 30.061653 30.030922 30.329338 0.005261 30.421335 30.553827 30.211418 30.223686 30.334902 30.303156 30.209169 30.083223 30.013140 29.973036 29.980108 29.984932 29.985964 29.950966 29.917488 29.902056 29.807894 29.625303 0.003971 -0.001669 29.974848 29.954752 29.872576 29.864208 29.757414 29.527372 29.446329 0.001605 -0.000645 0.000525
