public/ISAM/temp_asc/temp-2024-07-20T00-00-00.asc
ncols         120
nrows         120
xllcorner     110.0
yllcorner     3.0
cellsize      0.25
NODATA_value  0.0
[rows 52 to 77 of 120, columns 0 to 59 of 120]
31.559706 0.003291 0.001124 0.006274 29.979555 29.062952 29.080742 29.315016 29.420736 29.510477 29.756346 29.941790 30.052729 30.121843 30.129923 30.117188 30.071491 30.113668 30.080011 29.949488 29.761965 29.759083 29.848127 29.857237 29.836761 29.860271 29.870020 29.828394 29.741537 29.663252 29.612623 29.580425 29.605959 29.657370 29.715408 29.820667 29.967920 30.088118 30.176155 30.255442 30.288157 30.327591 30.327538 30.312412 30.312506 30.330278 30.325243 30.672262 30.562325 30.185308 30.477411 30.769247 30.496855 30.340296 30.328585 30.282972 30.231955 30.196451 30.132547 30.040190
-0.000105 0.001177 -0.000293 -0.006661 30.614561 29.785936 29.614449 29.844265 29.921556 30.031126 30.266264 30.333445 30.354174 30.324596 30.275686 30.171627 30.108862 30.125353 30.117525 29.975050 29.866640 29.921364 30.009336 30.013048 29.994316 30.009293 30.028078 29.985971 29.918314 29.837683 29.770151 29.743557 29.793209 29.844597 29.920994 30.061762 30.208723 30.301363 30.366869 30.408018 30.396492 30.407097 30.450373 30.464750 30.448130 30.496771 30.501593 30.734556 30.687857 30.309896 30.537561 30.874720 30.613375 30.426186 30.358259 30.321520 30.260448 30.223852 30.156719 30.085047
0.008201 0.001238 0.002237 -0.000919 29.825022 30.104364 30.070620 30.192305 30.220743 30.304697 30.438150 30.440229 30.402536 30.367720 30.278299 30.129747 30.039427 30.028807 30.015955 29.911901 29.887033 29.965662 30.049498 30.047041 29.980787 29.944050 29.948362 29.964926 29.943407 29.876692 29.821333 29.796236 29.833097 29.908024 30.034517 30.159151 30.289457 30.371059 30.363611 30.328739 30.316294 30.319273 30.340250 30.351839 30.311293 30.373972 30.432093 30.698553 30.752237 30.338299 30.485912 30.866827 30.686716 30.436800 30.308134 30.267218 30.218340 30.164221 30.105730 29.989187
-0.002053 -0.002318 0.001654 29.592966 30.108374 30.169428 30.268492 30.359966 30.360455 30.392305 30.484556 30.471565 30.425737 30.388386 30.315039 30.154043 30.059462 30.019726 29.983425 29.902763 29.919359 29.960604 30.023016 30.013573 29.966839 29.920483 29.885935 29.866543 29.863985 29.853655 29.825167 29.816538 29.856382 29.916216 30.031725 30.126944 30.237818 30.265535 30.098604 29.968798 29.990404 30.096514 30.100512 30.028997 30.047476 30.199076 30.287554 30.569550 30.706804 30.362013 30.385891 30.715704 30.739218 30.412874 30.289406 30.248892 30.184675 30.102186 30.064545 29.878788
0.005149 0.003892 30.125383 30.143900 30.122099 30.192614 30.450172 30.401615 30.358332 30.303873 30.405441 30.389845 30.352898 30.301756 30.233992 30.148649 30.117437 30.095461 30.077591 30.017874 30.000486 29.973730 29.981056 29.967211 29.969006 29.940012 29.913977 29.865499 29.814949 29.797327 29.838697 29.858353 29.888460 29.924963 30.004480 30.083658 30.213614 30.233009 30.007450 29.846266 29.961111 30.065292 30.171251 30.269300 30.450388 30.460968 30.393461 30.545572 30.619984 30.351507 30.205404 30.562510 30.757730 30.452860 30.272982 30.202520 30.125648 30.092802 30.018053 29.854708
0.008813 -0.001390 29.273289 30.174749 30.187067 30.274233 30.388287 30.367050 30.200762 30.119783 30.196003 30.166384 30.194374 30.175768 30.098917 30.032681 30.045460 30.061363 30.055769 30.000666 29.957327 29.909216 29.908136 29.922781 29.960451 29.965513 29.964678 29.942778 29.881544 29.805593 29.808702 29.838772 29.855612 29.875811 29.937815 30.038383 30.173561 30.313387 30.308138 30.241697 30.323221 30.431351 30.519072 30.562529 30.483042 30.541922 30.438074 30.530588 30.611292 30.402630 30.279026 30.636488 30.635979 30.485075 30.209620 30.162970 30.077404 30.069481 30.021029 29.865894
30.062521 29.002981 29.262262 29.853182 30.120306 30.179689 30.379339 30.369911 30.168146 30.060377 30.043232 30.071009 30.152637 30.130362 30.014250 29.970411 30.002069 29.987928 29.925186 29.897429 29.879187 29.896738 29.953066 30.003630 30.034994 30.024460 30.016874 29.987852 29.907810 29.798149 29.753439 29.736271 29.741131 29.753063 29.829016 29.908613 30.043501 30.203196 30.340219 30.405050 30.391964 30.382475 30.353067 0.002873 -0.000403 -0.006074 30.284288 30.403629 30.797667 30.737123 30.318453 30.447126 30.507990 30.538307 30.274267 30.095724 30.063875 30.028276 30.009447 29.853518
30.026554 29.751207 28.977018 29.506216 30.026052 30.040800 30.159662 30.269846 30.249079 30.191118 30.193556 30.198988 30.294575 30.289713 30.202326 30.088057 30.047863 29.958105 29.893572 29.917410 29.971594 29.947065 29.980806 30.049004 30.104954 30.071791 30.037584 30.030235 29.983541 29.877657 29.780891 29.718031 29.699263 29.718307 29.785477 29.841902 29.905029 29.981173 30.052027 30.105806 30.052977 30.136183 30.084955 0.003329 0.009940 -0.000280 0.000709 -0.000404 -0.002531 -0.004583 30.506493 30.309803 30.404589 30.481291 30.348595 30.101517 30.030802 30.030893 29.989462 29.775202
30.156769 29.878195 29.582006 29.831522 30.031622 30.111639 30.096785 30.164551 30.292133 30.349638 30.412613 30.430464 30.432510 30.327888 30.209082 30.139938 30.153673 29.967886 29.840498 29.896818 29.983969 29.861279 29.825331 29.964460 30.063959 29.998819 29.954638 29.991434 30.016962 29.951147 29.867081 29.789122 29.758223 29.774616 29.838551 29.868311 29.881510 29.890219 29.951441 30.012537 30.011927 30.140356 30.450266 0.009630 0.001580 -0.003226 0.003449 0.002414 -0.002206 30.868156 30.514959 30.171907 30.306940 30.452263 30.370665 30.178198 30.057795 30.068970 29.981470 29.810408
30.301546 30.029160 29.938486 30.182821 30.538420 30.595102 30.461653 30.266031 30.210066 30.314606 30.376198 30.340557 30.293798 30.195000 30.072733 30.025194 30.142492 30.059595 29.817822 29.877750 30.002062 29.835829 29.721807 29.895407 30.036154 29.983839 29.926817 29.957787 30.023123 30.015467 29.949921 29.880182 29.871611 29.848711 29.888449 29.914576 29.912910 29.970873 30.066938 30.128397 30.125177 30.036934 -0.003635 0.001794 -0.000165 -0.000683 -0.002477 -0.001157 -0.001935 30.336645 30.259254 30.034035 30.100332 30.343637 30.270235 30.120352 30.003649 29.993679 29.900320 29.786718
30.600817 30.633474 30.500868 30.609816 30.829428 30.928087 30.886908 30.704977 30.428881 30.277714 30.237640 30.261606 30.318232 30.331209 30.272936 30.273790 30.373632 30.288076 29.970495 30.071068 30.265579 30.125509 29.900122 30.007715 30.157927 30.123899 30.061625 30.075171 30.132935 30.139437 30.102789 30.039997 29.998148 29.990236 30.028608 30.018192 30.032331 30.118574 30.211889 30.257704 30.219431 30.163111 -0.000835 0.002120 -0.000162 -0.000820 0.000313 -0.000229 -0.003121 30.064627 30.187159 29.963247 29.980444 30.282103 30.278078 30.116520 29.971836 29.886003 29.831656 29.675493
31.018221 30.947882 30.809313 30.774799 30.916399 30.989338 31.003378 30.871613 30.743317 30.596354 30.570604 30.595695 30.652849 30.639204 30.569719 30.527719 30.584013 30.463905 30.131227 30.225054 30.461309 30.346643 30.101009 30.072008 30.217068 30.230852 30.213369 30.211203 30.249512 30.224089 30.190384 30.137413 30.143988 30.151672 30.162209 30.188875 30.157450 30.228466 30.277344 30.286465 30.265585 30.158991 0.001318 -0.001546 -0.003244 -0.000632 -0.001529 -0.003580 -0.000521 -0.002605 30.212641 30.066275 29.899822 30.160601 30.363024 30.183039 30.035217 29.915331 29.791136 29.752977
31.121073 31.023382 30.900705 30.916752 31.040716 31.099407 30.999105 30.910395 30.819544 30.746565 30.701700 30.674225 30.628397 30.486757 30.373075 30.365469 30.485903 30.435963 30.200575 30.316793 30.488550 30.365122 30.170322 30.135372 30.168169 30.238962 30.300865 30.333559 30.357622 30.335760 30.324345 30.306507 30.328238 30.296831 30.376966 30.323555 30.283787 30.332434 30.276545 30.232393 30.111712 30.203871 0.000971 -0.000431 -0.001743 -0.002211 -0.000635 -0.002203 -0.002047 -0.003576 30.259542 29.963400 29.825777 30.050718 30.214128 30.234951 30.075226 29.965445 29.909986 29.906279
31.234407 31.225779 31.104277 31.113914 31.194025 31.170256 31.016420 30.939066 30.912510 30.824625 30.619528 30.495342 30.431105 30.318419 30.210844 30.219406 30.372530 30.330183 30.274279 30.397535 30.513977 30.392103 30.291525 30.271437 30.221727 30.236687 30.342554 30.442232 30.429714 30.375162 30.401062 30.467913 30.442928 30.424269 30.479511 30.412825 30.351166 30.320635 30.233114 30.157082 30.095865 29.990969 0.002025 0.001111 -0.001218 -0.000962 -0.000648 0.000031 0.005241 -0.002429 30.033323 29.861174 29.710161 29.909410 29.997850 29.901884 29.874252 29.874350 29.870882 29.866798
31.314354 31.259558 31.068621 31.027475 31.028101 31.008286 30.893230 30.856873 30.897860 30.833351 30.580679 30.308126 30.224558 30.297642 30.292898 30.344831 30.385107 30.341406 30.400866 30.502268 30.526367 30.415108 30.356537 30.339762 30.259081 30.227802 30.317518 30.438368 30.424143 30.331842 30.370966 30.484282 30.420593 30.409929 30.432026 30.405806 30.358152 30.237562 30.138073 30.103069 30.208853 30.193789 0.002088 0.001808 -0.001924 -0.003860 -0.001556 -0.001666 -0.001920 30.085724 30.125036 29.969858 29.738420 29.919760 30.009336 29.885683 29.752810 29.667625 29.660669 29.664164
31.219584 31.129103 30.884420 30.820278 30.878897 30.888300 30.815432 30.710760 30.742987 30.645498 30.379803 30.190756 30.235830 30.327894 30.347729 30.353260 30.424540 30.476624 30.454481 30.479822 30.409267 30.321867 30.340723 30.359486 30.305082 30.252932 30.301973 30.420977 30.427595 30.329615 30.405230 30.498987 30.483385 30.462683 30.479971 30.453516 30.409128 30.274479 30.170843 30.263800 30.466402 30.136272 0.004557 0.000640 0.000114 0.000959 0.001678 0.002080 0.003927 30.176245 30.282286 30.113813 29.833515 29.892683 30.022013 29.995596 29.887445 29.791388 29.746399 29.685699
31.168806 31.016127 30.814341 30.844515 30.945475 30.921045 30.731901 30.624075 30.606327 30.550327 30.378984 30.262510 30.337442 30.338129 30.334656 30.407354 30.446323 30.446173 30.419622 30.275690 30.194511 30.227289 30.272810 30.299753 30.288025 30.270502 30.275627 30.359686 30.382406 30.301725 30.396128 30.486452 30.501307 30.464762 30.457678 30.423130 30.370173 30.237297 30.112926 30.294441 0.000681 30.487356 0.002227 0.001666 -0.001153 0.000633 0.000701 30.760057 30.421165 30.199743 30.182081 30.129404 29.911676 29.820301 29.885164 29.940184 29.877127 29.807852 29.825150 29.825672
30.975637 30.855722 30.633402 30.672113 30.747507 30.655512 30.527458 30.549494 30.534121 30.462931 30.328085 30.235552 30.261454 30.289932 30.313299 30.345186 30.315893 30.403872 30.432241 30.216225 30.156904 30.227522 30.261312 30.241735 30.243536 30.239401 30.246557 30.277798 30.292227 30.239330 30.309958 30.404104 30.418055 30.393785 30.382545 30.360857 30.318346 30.228006 30.202410 30.071238 0.000211 -0.002009 0.002414 0.000370 0.001457 0.001631 0.001838 30.669489 30.418344 30.202169 30.182833 30.138750 29.966433 29.746363 29.759989 29.804558 29.806936 29.726820 29.728376 29.754839
30.789133 30.602768 30.231150 30.283609 30.393522 30.398726 30.439459 30.496000 30.460365 30.347248 30.204832 30.175537 30.216322 30.255156 30.289480 30.324339 30.331055 30.307268 30.259592 30.161425 30.155594 30.256399 30.268633 30.219454 30.199343 30.204592 30.199480 30.209299 30.211447 30.174452 30.197130 30.263119 30.288128 30.286375 30.285416 30.329287 30.295534 30.235565 30.241976 30.077765 0.001385 0.000463 -0.000856 -0.001658 0.000006 -0.001343 30.333080 30.599249 30.466169 30.387812 30.391745 30.201830 30.108961 29.913912 29.849859 29.893562 29.941896 29.907389 29.818720 29.751461
30.435999 30.298910 29.960981 30.105642 30.357147 30.471214 30.535389 30.521896 30.478983 30.359894 30.245060 30.221220 30.262444 30.281153 30.285189 30.332731 30.341957 30.264177 30.105433 30.018780 30.036074 30.149294 30.184174 30.144148 30.110151 30.115370 30.116590 30.114300 30.115751 30.081095 30.094244 30.124372 30.171221 30.169138 30.200525 30.235489 30.212463 30.173391 30.205114 30.175730 30.086924 0.003079 0.001965 0.001778 0.002476 0.001739 30.372969 30.616882 30.594408 30.541395 30.595064 30.345362 30.230568 30.159876 30.049810 30.045090 30.050018 30.042017 30.005301 29.908340
30.153471 30.063082 29.894461 30.142298 30.437489 30.532537 30.464666 30.351221 30.171190 30.040525 29.995253 30.029182 30.185308 30.206812 30.175570 30.242102 30.292421 30.202192 30.042669 29.950922 29.922289 29.971220 30.021692 30.019417 29.984461 29.979605 29.990538 29.972586 29.987282 29.952967 29.961084 29.995668 30.053110 30.060467 30.112932 30.115469 30.129236 30.098171 30.089685 30.152494 30.023344 -0.002184 0.002156 0.007889 0.001281 0.000601 0.002004 30.580019 0.001961 30.791769 30.535637 30.382776 30.278622 30.415110 30.363483 30.165983 30.217625 30.231714 30.166422 30.065268
29.929173 29.865862 29.783030 30.045633 30.312836 30.280733 29.829798 29.652056 29.650436 29.631598 29.545126 29.590445 29.886387 30.115662 30.044653 30.127928 30.160917 30.100683 29.963644 29.893049 29.836632 29.844589 29.884432 29.917143 29.886137 29.871416 29.869257 29.832163 29.845709 29.816801 29.820803 29.878782 29.951601 29.968451 30.013130 30.059237 30.115797 30.069326 30.017963 30.081577 30.061640 30.017883 -0.000368 30.958700 0.001553 -0.005017 0.001506 30.625315 -0.005494 0.006971 30.493675 30.458872 30.384905 30.538721 30.489864 30.237974 30.277052 30.333530 30.206270 30.101822
29.885450 29.810972 29.713030 30.005442 30.146162 29.778652 29.519491 29.539143 29.658129 29.661886 29.641804 29.629587 29.699989 29.963263 30.006132 29.993044 29.963713 29.876032 29.722200 29.647749 29.671034 29.711905 29.777456 29.819647 29.846823 29.837389 29.844564 29.819033 29.830257 29.810305 29.806932 29.855663 29.928461 29.949646 30.007450 30.077196 30.132101 30.101828 30.090714 30.184843 30.148396 30.030306 0.002147 30.283003 -0.004032 0.001036 0.003417 30.431540 30.477091 30.497526 30.647400 30.522825 30.376938 30.480051 30.395636 29.908979 29.863123 30.310368 30.281916 30.127111
29.926622 29.894430 29.725271 29.948984 29.928438 29.525658 29.458277 29.625423 29.744009 29.684172 29.559565 29.502302 29.539934 29.704464 29.957655 29.827450 29.697027 29.537577 29.388266 29.360966 29.396360 29.494543 29.644197 29.716333 29.726366 29.748758 29.796974 29.798948 29.832567 29.821512 29.819899 29.850435 29.922569 29.968786 30.028421 30.087042 30.100168 30.103701 30.105379 30.112347 30.145559 30.096910 30.027649 0.007786 -0.011912 0.003347 -0.005394 30.495008 30.665247 30.565481 0.003969 0.000401 30.606791 30.418339 30.439507 30.097628 29.945829 30.345964 30.344446 30.261288
30.053385 29.963739 29.720545 29.849457 29.704203 29.399416 29.332243 29.531551 29.463140 29.252142 29.279673 29.428864 29.473475 29.548094 29.875942 29.784380 29.575441 29.386599 29.282854 29.305120 29.345127 29.380920 29.499105 29.663973 29.649843 29.618334 29.649958 29.690863 29.747515 29.783186 29.807365 29.844751 29.934538 29.972654 30.065176 30.083635 30.063551 30.035967 30.043873 30.063906 30.089436 30.046846 30.043701 0.002338 -0.000474 0.004586 -0.004832 0.000270 30.365915 0.008368 0.007957 0.002013 0.006989 31.096907 30.577242 30.572794 30.199224 0.001201 30.389193 30.223673
30.133978 29.987556 29.599718 29.604599 29.419897 29.206430 29.256783 29.220911 28.981939 29.064167 29.395906 29.616766 29.544079 29.510054 29.737597 29.811920 29.516867 29.348249 29.282637 29.352030 29.399347 29.402617 29.462349 29.638752 29.627039 29.559128 29.550642 29.594004 29.682219 29.748301 29.795475 29.843941 29.936028 29.999941 30.069815 30.064207 30.051805 30.042665 30.022795 29.981600 30.020792 0.002726 29.995403 29.817865 -0.000820 0.005219 30.698391 30.614977 30.686071 -0.001835 0.000500 30.852673 -0.003311 30.795252 -0.000528 -0.006205 30.501654 -0.000394 30.498144 30.341413
