public/ISAM/temp_asc/temp-2024-07-20T00-00-00.asc
ncols         120
nrows         120
xllcorner     110.0
yllcorner     3.0
cellsize      0.25
NODATA_value  0.0
[rows 26 to 51 of 120, columns 0 to 59 of 120]
-0.003189 -0.001627 -0.001768 -0.003081 -0.002599 0.000184 -0.001289 0.000164 -0.002204 -0.000007 0.000991 -0.001866 -0.001678 -0.000116 -0.000573 -0.000343 0.000689 -0.001226 -0.001465 0.000059 -0.000910 -0.000327 -0.002348 -0.001511 -0.002381 0.000239 -0.001694 -0.001583 -0.001191 -0.001970 -0.001041 -0.001078 -0.002295 0.000643 0.000395 0.000947 -0.000426 0.000468 0.000167 0.003451 27.531639 26.336332 26.248350 26.187658 27.085257 27.052828 28.174553 29.147123 29.112724 28.791296 28.853899 28.907425 28.666985 28.478958 28.452801 28.487883 28.501490 28.503225 28.527025 28.588991
-0.003059 -0.002776 -0.002908 -0.002207 -0.001403 -0.000400 -0.001512 0.000574 -0.000018 0.000606 -0.000900 0.000280 -0.000580 -0.000483 0.000566 -0.000090 -0.001366 -0.001574 -0.001994 -0.001386 -0.001880 -0.002278 0.000266 0.001047 -0.002689 -0.000322 -0.000414 -0.001210 0.000047 -0.001650 -0.001428 -0.000503 -0.001392 0.001559 -0.000374 -0.000121 -0.001415 -0.002790 -0.006777 30.101068 -0.000715 26.365435 27.180635 27.545710 27.971163 28.198925 29.233492 29.692442 29.448702 29.005632 29.071999 29.075777 28.872303 28.635984 28.673769 28.673872 28.745998 28.726171 28.747866 28.749971
-0.001609 -0.002218 -0.002176 -0.001335 -0.000674 -0.000152 -0.001863 -0.001665 -0.001248 -0.000365 0.000693 -0.000941 0.000262 -0.000369 0.000442 0.000368 -0.000963 -0.001576 -0.002638 -0.001932 -0.000207 -0.000333 -0.001745 -0.001681 -0.001310 -0.001368 -0.000342 -0.000739 -0.002402 0.000266 -0.002704 0.000491 0.000121 0.001407 -0.001423 -0.000608 -0.000219 0.002427 0.001566 30.118082 27.070841 26.018400 27.373522 28.318937 28.297081 28.737974 29.385664 29.712763 29.354670 29.221525 29.291372 29.354183 29.213356 28.980440 28.902769 28.842293 28.829573 28.810394 28.693048 28.794260
-0.000329 -0.002254 -0.000949 -0.001180 0.000235 -0.000834 0.000558 0.000542 -0.000199 -0.000977 -0.000271 0.001308 0.000291 0.000633 -0.001785 -0.000173 0.000054 0.001085 -0.000205 -0.001815 -0.001932 0.000319 -0.002002 -0.001618 -0.001781 -0.000441 -0.001027 -0.000375 -0.001567 0.000129 -0.001222 0.000902 -0.000552 -0.001414 -0.000678 0.003955 -0.001832 0.003666 0.001359 28.895117 27.380600 26.905878 27.632952 28.634504 28.844618 29.077263 29.562468 29.518187 29.294928 29.310099 29.363249 29.402790 29.359915 29.180418 29.010389 29.027613 29.093122 29.097452 28.946615 28.997288
-0.001355 -0.002081 -0.002669 -0.000348 -0.001668 0.000357 -0.000068 -0.001941 -0.000707 -0.002041 -0.000772 0.001073 0.000707 0.000872 0.000758 -0.000367 0.000514 -0.000169 -0.000702 -0.000149 -0.001575 -0.000451 -0.001480 -0.000477 -0.001796 0.000647 0.000157 -0.001067 -0.001673 -0.000864 -0.001326 -0.000437 -0.000859 0.000176 -0.001204 -0.000625 -0.002846 30.633654 0.009059 29.273081 26.598398 26.197599 28.192205 29.265280 29.632753 30.101753 30.303722 29.756796 29.402540 29.381657 28.889425 28.853043 29.143570 29.245268 29.258047 29.228033 29.385283 29.388941 29.326693 29.370398
-0.000868 -0.002381 -0.001811 -0.000783 -0.001894 -0.000032 -0.001637 -0.001998 -0.001255 0.000100 0.000477 0.000716 0.001018 0.000241 0.001285 -0.000735 -0.000048 -0.001756 -0.000794 0.000730 -0.001347 0.000591 -0.001220 -0.001734 -0.000560 -0.000747 0.000402 -0.000672 -0.000522 0.001077 -0.001902 -0.002489 -0.001780 -0.000834 0.000029 0.000710 0.010642 0.002852 28.108133 25.438036 27.161085 27.190777 28.377863 29.238878 30.085283 30.410555 30.404936 29.980577 29.639288 29.515507 28.885698 28.881090 29.430681 29.582041 29.513565 29.447731 29.486376 29.470770 29.435526 29.403917
-0.000846 -0.000621 -0.002575 -0.002117 -0.000251 0.000856 -0.001578 -0.000836 0.000049 0.000137 0.000581 -0.000494 0.001399 0.001389 0.000932 0.001083 -0.000731 0.000161 -0.000791 0.000536 0.000463 -0.001111 0.000228 -0.000858 -0.000597 -0.001173 -0.000518 -0.000500 -0.001293 -0.000176 -0.001157 -0.002837 -0.000101 0.000072 -0.001888 -0.000201 28.319752 25.582413 25.239805 27.149538 27.416153 28.363102 29.792913 30.487093 -0.004086 -0.004786 -0.003696 -0.008927 30.038553 29.650900 29.561098 29.483171 29.509436 29.740931 29.632526 29.442331 29.367163 29.331251 29.248745 29.156816
-0.000264 -0.002951 -0.001521 -0.001579 -0.001317 -0.000548 -0.000342 -0.000316 0.000883 0.000069 0.000596 0.000333 0.000189 0.000711 -0.000677 -0.000953 -0.000297 0.000541 -0.000290 -0.001079 -0.000516 -0.001063 -0.000769 -0.001376 -0.001348 0.000467 -0.001839 -0.001224 -0.001176 -0.001398 -0.002628 -0.001835 0.000859 -0.000853 -0.002347 26.718641 24.641314 26.095921 28.103754 28.146379 28.482813 29.264183 30.171827 31.084047 0.001925 -0.007061 -0.002638 -0.013306 30.089293 29.793550 29.630045 29.318039 29.512644 29.665752 29.515371 29.278990 29.233988 29.091293 29.029003 29.012129
0.000234 -0.002831 0.000227 -0.000278 -0.001624 0.001157 -0.000632 -0.001535 0.000566 -0.001058 0.000473 0.000577 -0.000976 -0.002041 -0.001122 0.001798 -0.000190 -0.000504 -0.000342 0.001370 0.000397 -0.001451 -0.000423 -0.001793 -0.000980 -0.000279 -0.001493 -0.001964 -0.001291 -0.002494 -0.001779 -0.003632 0.000750 30.344511 29.868797 27.612989 27.277391 27.833841 29.375368 29.802351 29.494799 29.990606 30.701483 0.003273 -0.003059 -0.002231 -0.000960 -0.008055 29.785872 29.505484 29.506693 29.400068 29.507172 29.573011 29.523699 29.300421 29.107828 29.035522 29.089518 29.090502
0.000222 -0.000517 -0.000805 0.000343 0.000801 0.000689 -0.000574 -0.001812 -0.001282 -0.001134 0.002046 0.000214 0.001532 0.000787 0.000887 0.001509 0.000805 0.001625 0.000903 -0.000570 0.000491 -0.000935 -0.001234 0.000534 -0.000565 -0.002587 -0.000904 -0.002199 -0.004139 -0.003348 -0.001383 0.002876 0.004836 28.042406 28.000135 27.719337 26.508970 28.236753 29.602289 29.501265 29.882132 30.388857 31.323256 0.000258 -0.000482 -0.002800 -0.005372 30.105181 29.595215 29.672960 29.664331 29.713636 29.682318 29.636173 29.520430 29.336834 29.265558 29.253206 29.228764 29.146322
0.000749 -0.001981 -0.000710 -0.000413 0.000126 0.001435 0.000199 -0.000140 -0.000540 -0.000885 0.000426 -0.000022 0.001119 0.001695 0.000883 0.000631 -0.000463 -0.000012 0.001876 0.000158 0.000868 -0.000701 -0.000560 -0.000163 -0.001101 -0.001824 -0.003205 -0.002470 -0.003371 -0.003069 0.010455 28.067850 27.285017 26.491398 26.525028 25.440262 26.451439 28.782537 29.811348 29.639410 30.354034 30.854231 0.002031 0.001331 -0.001459 -0.002895 -0.006674 30.124086 30.168638 29.927900 30.005606 29.871744 29.721922 29.578945 29.470083 29.270243 29.226561 29.297323 29.341711 29.138460
0.001177 -0.001530 -0.001382 0.000385 -0.001607 0.000246 -0.001380 -0.000963 0.000107 -0.000077 0.001441 -0.000079 0.000245 0.001213 0.000609 -0.001063 0.000049 -0.000368 0.001711 0.001142 -0.000268 0.000770 -0.000661 0.000492 -0.000103 -0.001614 -0.000314 -0.003664 0.004055 0.004140 26.357508 25.122553 25.245852 26.076357 26.954813 28.196243 29.231520 29.688311 29.686991 30.231874 30.682959 31.259340 -0.004909 0.001300 -0.003298 -0.001026 -0.007161 30.306105 30.020050 30.013395 29.985456 29.828238 29.684896 29.521318 29.421873 29.272316 29.262850 29.354105 29.294931 29.161436
0.001151 -0.000176 -0.000053 0.000772 -0.000228 -0.000248 -0.000864 0.000445 -0.001830 -0.001590 0.001386 0.000326 -0.000940 0.001522 0.001509 0.000736 -0.000508 0.000314 0.000373 0.000520 -0.001563 0.000332 -0.001047 -0.000931 -0.000605 -0.003058 -0.001804 0.008490 26.630472 25.303251 25.101303 25.560640 26.684761 28.772219 29.219824 29.390577 30.057753 29.695536 0.008622 30.335007 30.617186 0.002049 0.004000 -0.001507 -0.004258 0.001752 30.347662 30.152819 29.787786 29.858168 29.845507 29.674475 29.570082 29.446815 29.415667 29.360182 29.339582 29.392220 29.370886 29.250099
0.000426 0.000882 -0.001451 0.000661 0.001055 -0.000524 -0.000283 -0.002349 0.000140 -0.000210 -0.000508 0.000847 0.001029 0.000972 0.001897 0.000826 0.001811 -0.000435 0.001166 0.002344 0.003108 0.003678 0.002020 -0.000642 -0.003351 -0.004306 -0.001297 25.603724 25.596210 27.612631 28.202965 27.935785 28.834078 29.452160 29.191725 28.862467 29.268921 29.621447 0.009270 30.171560 30.531540 -0.001290 0.002303 -0.003170 -0.003101 -0.003346 30.149584 29.944502 29.731459 29.798944 29.756319 29.561182 29.479515 29.347675 29.269634 29.265188 29.392160 29.447538 29.432287 29.295938
-0.000620 -0.000909 -0.001885 -0.001867 0.001416 -0.002043 0.000310 -0.001066 -0.000810 -0.000057 0.000366 0.000080 -0.000451 -0.001747 0.000717 0.002310 0.001764 0.001891 0.004856 -0.003538 0.002594 -0.002389 -0.001476 0.001673 -0.001314 0.001362 0.000243 27.959114 28.405716 28.916292 29.360537 28.911650 28.973654 29.440193 28.935400 26.679327 28.243071 29.783998 30.052217 30.142801 30.464293 0.004829 0.002832 -0.001676 -0.004885 -0.002618 30.297701 30.042238 29.817259 29.860031 29.794291 29.543579 29.438505 29.246450 29.186686 29.213778 29.380810 29.474152 29.438965 29.319427
0.000439 -0.001167 -0.000393 0.000414 0.000174 -0.001046 -0.001346 0.000617 -0.001897 -0.000974 -0.000931 -0.000944 0.000056 0.002966 0.004651 -0.000734 0.002830 0.002972 0.003004 31.007162 0.003016 30.134142 0.004762 29.180574 28.958860 28.500864 28.432909 28.676367 28.981180 29.507282 29.396296 29.076292 29.174417 29.645607 29.404043 28.392817 29.763988 30.273771 29.760687 29.905684 30.141571 0.000921 0.002375 0.005320 0.003109 30.135780 30.016035 29.991697 29.936796 29.935701 29.793036 29.569403 29.371218 29.167910 29.179893 29.262201 29.404284 29.489906 29.447311 29.308737
-0.001195 -0.000142 -0.002071 -0.001020 -0.002241 -0.001464 -0.001596 -0.001099 -0.000489 -0.001649 -0.000346 0.000367 0.002283 0.003166 0.004999 31.319910 -0.000196 -0.001113 28.472166 28.117918 28.833872 28.806309 29.000414 28.992373 29.134405 29.182001 29.385283 29.228270 29.170095 29.459093 29.454332 29.369070 29.411070 29.997364 30.058376 30.015924 30.178598 30.295061 29.748224 30.016008 30.325666 30.340601 -0.002942 -0.001740 30.005999 30.076227 29.760798 29.785240 29.957098 29.956900 29.823439 29.581404 29.303391 29.202578 29.278402 29.340555 29.459450 29.521936 29.469442 29.291538
-0.000431 -0.000204 -0.000100 0.000222 -0.001568 -0.002406 -0.002645 -0.000347 0.001401 0.001915 0.002914 0.001406 0.001695 -0.004248 -0.001925 29.990046 30.625811 29.033342 28.810740 29.400728 29.526485 29.349688 29.495394 29.287756 29.256781 29.448853 29.639872 29.671362 29.644693 29.627195 29.600172 29.542452 29.638685 29.971205 29.977995 29.971102 30.063101 29.945913 29.723822 30.045351 30.413042 30.315533 30.203409 0.003936 30.255949 30.066977 29.667667 29.843744 30.048582 29.987177 29.805460 29.579939 29.415329 29.334743 29.393110 29.411734 29.470179 29.539625 29.526102 29.382896
-0.003101 -0.001210 -0.001907 -0.003323 -0.000085 -0.000475 -0.002030 0.003029 0.005090 0.005715 0.000957 0.001305 31.402399 31.045443 29.892662 28.733309 27.620489 0.003838 29.218277 29.461912 29.483669 29.572973 29.498198 29.427483 29.395811 29.426662 29.479467 29.521116 29.571308 29.612932 29.635078 29.662901 29.788824 29.857557 29.827761 29.840368 29.842991 29.669371 29.781034 29.771189 29.837358 29.936460 29.975077 -0.002107 30.274317 30.165751 30.067873 30.097708 30.170895 30.062452 29.838768 29.624952 29.510326 29.425760 29.467569 29.461102 29.474470 29.500753 29.517965 29.472116
-0.001882 -0.000775 -0.000423 -0.002075 0.001714 0.006457 -0.000283 0.010614 30.957872 0.003849 30.809374 30.290346 29.335073 28.936003 29.012011 28.698191 28.637426 29.043865 28.738729 29.041315 29.273024 29.385237 29.358730 29.373693 29.386320 29.436102 29.459013 29.484903 29.547846 29.610487 29.651371 29.678383 29.755953 29.775831 29.737986 29.742407 29.744089 29.768557 29.887514 29.983122 29.931232 29.937447 29.913946 30.271826 30.102247 30.052877 29.929258 30.048666 30.108913 30.070662 29.977777 29.796995 29.681681 29.589708 29.599890 29.588366 29.540541 29.467749 29.447145 29.438446
0.000477 0.002708 0.001222 0.003691 0.011117 30.386992 30.024664 29.911736 29.377226 29.311186 29.300722 29.145494 28.441654 28.235399 28.148560 28.329550 28.822695 29.115534 29.173147 29.161148 29.345737 29.391043 29.324301 29.274778 29.305147 29.373825 29.438496 29.476664 29.567368 29.642403 29.596815 29.561373 29.608967 29.621714 29.579704 29.584764 29.645620 29.758509 29.941149 30.139982 30.088358 30.070965 30.354898 30.437464 30.149591 29.778967 29.734446 29.809347 29.816343 29.963472 29.979578 29.915689 29.829294 29.749399 29.706083 29.652460 29.589031 29.508600 29.542519 29.563305
0.007327 0.002190 0.007826 29.908976 29.736834 29.162214 28.601725 28.090042 28.009798 27.830910 27.588518 27.708788 27.593519 27.869099 28.144876 28.506834 28.949438 29.169176 29.315388 29.363350 29.537683 29.470913 29.353022 29.293640 29.336863 29.389383 29.432192 29.458052 29.538967 29.553846 29.491690 29.434422 29.488522 29.540081 29.545462 29.564589 29.633801 29.727634 29.882540 30.047316 30.020391 30.115789 30.289930 30.275637 29.978756 29.815790 30.009563 30.055601 29.663864 29.765566 29.956242 29.970949 29.874781 29.799942 29.750505 29.672132 29.645773 29.633226 29.652300 29.670126
0.010505 30.570412 0.007493 30.005817 29.398272 28.278076 27.795540 27.218924 27.233610 27.179628 27.403469 27.795057 28.218584 28.472391 28.795420 29.302446 29.524712 29.660810 29.581503 29.551085 29.588804 29.515682 29.402184 29.386206 29.415413 29.497057 29.559658 29.518831 29.485910 29.486475 29.440954 29.417742 29.427027 29.461666 29.510695 29.564238 29.634104 29.756710 29.924252 30.077150 30.083788 30.163734 30.207220 30.258860 30.098761 29.942183 29.987381 30.082747 29.937315 29.747263 30.074640 30.134920 30.054693 29.985107 29.939579 29.777025 29.719988 29.743082 29.715567 29.724037
-0.007811 0.006049 30.833334 30.248810 29.346476 28.552658 27.991411 28.028225 28.233946 28.340689 28.600344 28.951918 29.217459 29.382967 29.595181 29.736509 29.848204 29.887110 29.853691 29.767759 29.687632 29.574392 29.492796 29.493925 29.513346 29.578867 29.639456 29.658049 29.565351 29.539896 29.530104 29.489571 29.440891 29.425966 29.467962 29.554533 29.651880 29.784561 29.966208 30.115154 30.254290 30.318962 30.279215 30.188349 30.062195 29.956720 29.967714 30.059082 30.080132 29.777294 30.172369 30.361010 30.237700 30.151915 30.120594 29.960310 29.852898 29.878149 29.878794 29.802366
0.007944 0.006380 30.973423 30.397299 29.655554 28.976719 28.343370 28.859625 28.967726 28.957802 29.042410 29.220493 29.434748 29.572393 29.703497 29.791424 29.893114 29.973616 29.996542 29.871546 29.724241 29.616781 29.593792 29.615095 29.585238 29.592119 29.617849 29.616688 29.604948 29.595369 29.585327 29.530245 29.449690 29.449041 29.515837 29.604778 29.700937 29.828817 29.967813 30.095972 30.245092 30.323784 30.241167 30.223518 30.232388 30.071552 30.085955 30.236765 0.002867 30.008781 30.319647 30.519232 30.312820 30.212095 30.237715 30.126001 30.025875 30.018301 30.026901 29.933504
31.479216 31.403025 30.901215 30.396749 29.688425 28.646891 28.603210 29.118036 29.117353 29.070162 29.199762 29.363089 29.531397 29.660936 29.794508 29.876898 29.953352 30.028868 30.046326 29.892550 29.724268 29.643682 29.708235 29.719194 29.703869 29.686464 29.670410 29.630480 29.608534 29.567553 29.546621 29.481291 29.460730 29.471983 29.546576 29.662584 29.789419 29.886473 29.978174 30.078585 30.161764 30.226461 30.220091 30.218750 30.245722 30.217607 30.229094 30.330387 30.343752 30.001600 30.359497 30.594740 30.342987 30.216265 30.253683 30.175842 30.145308 30.106020 30.074583 29.981455
